# relative_time, cycles_done, cur_item, corpus_count, pending_total, pending_favs, map_size, saved_crashes, saved_hangs, max_depth, execs_per_sec, total_execs, edges_found
110, 0, 1, 2, 0, 0, 0.05%, 1, 2, 1, 0.01, 1228, 33
115, 0, 1, 2, 0, 0, 0.05%, 1, 2, 1, 74.93, 1631, 33
120, 0, 1, 2, 0, 0, 0.05%, 1, 2, 1, 136.81, 2292, 33
203, 0, 1, 2, 0, 0, 0.05%, 1, 2, 1, 0.01, 2674, 33
208, 1, 1, 2, 0, 0, 0.05%, 1, 2, 1, 142.98, 3425, 33
213, 1, 1, 2, 0, 0, 0.05%, 1, 2, 1, 181.56, 4451, 33
218, 2, 1, 2, 0, 0, 0.05%, 1, 2, 1, 178.42, 5447, 33
223, 2, 1, 2, 0, 0, 0.05%, 1, 2, 1, 97.13, 6213, 33
232, 2, 1, 2, 0, 0, 0.05%, 1, 2, 1, 0.13, 6268, 33
237, 2, 1, 2, 0, 0, 0.05%, 1, 2, 1, 1.87, 6270, 33
260, 2, 1, 2, 0, 0, 0.05%, 1, 2, 1, 0.05, 6348, 33
265, 3, 1, 2, 0, 0, 0.05%, 1, 2, 1, 55.88, 6637, 33
271, 3, 1, 2, 0, 0, 0.05%, 1, 2, 1, 51.77, 6884, 33
276, 3, 1, 2, 0, 0, 0.05%, 1, 2, 1, 98.61, 7347, 33
297, 3, 1, 2, 0, 0, 0.05%, 1, 2, 1, 0.05, 7443, 33
302, 3, 1, 2, 0, 0, 0.05%, 1, 2, 1, 2.86, 7446, 33
349, 3, 1, 2, 0, 0, 0.05%, 1, 2, 1, 0.03, 7448, 33
349, 3, 1, 2, 0, 0, 0.05%, 1, 2, 1, 0.03, 7449, 33
354, 3, 1, 2, 0, 0, 0.05%, 1, 2, 1, 161.37, 8363, 33
355, 4, 1, 2, 0, 0, 0.05%, 1, 2, 1, 0.00, 8399, 33
