# relative_time, cycles_done, cur_item, corpus_count, pending_total, pending_favs, map_size, saved_crashes, saved_hangs, max_depth, execs_per_sec, total_execs, edges_found
61, 39, 8, 10, 0, 0, 0.02%, 0, 0, 3, 2673.34, 170350, 11
66, 43, 8, 10, 0, 0, 0.02%, 0, 0, 3, 2898.29, 185336, 11
71, 47, 8, 10, 0, 0, 0.02%, 0, 0, 3, 2654.33, 198786, 11
76, 51, 5, 10, 0, 0, 0.02%, 0, 0, 3, 2773.89, 212947, 11
81, 54, 8, 10, 0, 0, 0.02%, 0, 0, 3, 2272.30, 225077, 11
87, 58, 8, 10, 0, 0, 0.02%, 0, 0, 3, 2798.15, 239929, 11
92, 61, 8, 10, 0, 0, 0.02%, 0, 0, 3, 2223.24, 249822, 11
97, 65, 3, 10, 0, 0, 0.02%, 0, 0, 3, 2739.10, 264280, 11
102, 69, 8, 10, 0, 0, 0.02%, 0, 0, 3, 2584.29, 277607, 11
107, 72, 1, 10, 0, 0, 0.02%, 0, 0, 3, 2762.57, 291760, 11
112, 76, 1, 10, 0, 0, 0.02%, 0, 0, 3, 2710.78, 305906, 11
117, 80, 8, 10, 0, 0, 0.02%, 0, 0, 3, 2669.02, 319815, 11
122, 84, 4, 10, 0, 0, 0.02%, 0, 0, 3, 2768.22, 334030, 11
128, 88, 5, 10, 0, 0, 0.02%, 0, 0, 3, 2803.84, 348702, 11
133, 92, 1, 10, 0, 0, 0.02%, 0, 0, 3, 2675.05, 362227, 11
138, 95, 5, 10, 0, 0, 0.02%, 0, 0, 3, 2212.92, 372725, 11
143, 98, 8, 10, 0, 0, 0.02%, 0, 0, 3, 2314.96, 384705, 11
148, 102, 8, 10, 0, 0, 0.02%, 0, 0, 3, 2314.90, 396334, 11
153, 105, 8, 10, 0, 0, 0.02%, 0, 0, 3, 2438.30, 409252, 11
158, 109, 1, 10, 0, 0, 0.02%, 0, 0, 3, 2613.32, 422104, 11
163, 112, 4, 10, 0, 0, 0.02%, 0, 0, 3, 2688.57, 436336, 11
169, 116, 8, 10, 0, 0, 0.02%, 0, 0, 3, 2716.64, 450280, 11
174, 119, 1, 10, 0, 0, 0.02%, 0, 0, 3, 2523.25, 463110, 11
179, 123, 1, 10, 0, 0, 0.02%, 0, 0, 3, 2514.34, 475280, 11
184, 127, 8, 10, 0, 0, 0.02%, 0, 0, 3, 2830.32, 490156, 11
189, 131, 8, 10, 0, 0, 0.02%, 0, 0, 3, 2921.68, 505028, 11
194, 135, 5, 10, 0, 0, 0.02%, 0, 0, 3, 2902.50, 519878, 11
199, 139, 8, 10, 0, 0, 0.02%, 0, 0, 3, 2640.39, 533993, 11
204, 143, 8, 10, 0, 0, 0.02%, 0, 0, 3, 2673.97, 547472, 11
210, 147, 8, 10, 0, 0, 0.02%, 0, 0, 3, 2805.91, 562370, 11
215, 151, 8, 10, 0, 0, 0.02%, 0, 0, 3, 2597.75, 575817, 11
220, 155, 8, 10, 0, 0, 0.02%, 0, 0, 3, 2749.69, 589533, 11
225, 159, 5, 10, 0, 0, 0.02%, 0, 0, 3, 2840.55, 603900, 11
230, 163, 5, 10, 0, 0, 0.02%, 0, 0, 3, 2852.59, 618836, 11
235, 166, 8, 10, 0, 0, 0.02%, 0, 0, 3, 2673.81, 631246, 11
240, 170, 8, 10, 0, 0, 0.02%, 0, 0, 3, 2738.83, 645559, 11
245, 174, 8, 10, 0, 0, 0.02%, 0, 0, 3, 2616.93, 659365, 11
250, 178, 8, 10, 0, 0, 0.02%, 0, 0, 3, 2703.97, 673201, 11
256, 182, 5, 10, 0, 0, 0.02%, 0, 0, 3, 2829.65, 687986, 11
261, 186, 8, 10, 0, 0, 0.02%, 0, 0, 3, 2882.60, 702923, 11
266, 190, 8, 10, 0, 0, 0.02%, 0, 0, 3, 2870.97, 717794, 11
271, 194, 8, 10, 0, 0, 0.02%, 0, 0, 3, 2827.80, 732018, 11
276, 198, 8, 10, 0, 0, 0.02%, 0, 0, 3, 2645.08, 744756, 11
281, 201, 5, 10, 0, 0, 0.02%, 0, 0, 3, 2681.05, 758625, 11
286, 205, 8, 10, 0, 0, 0.02%, 0, 0, 3, 2796.88, 773125, 11
291, 209, 8, 10, 0, 0, 0.02%, 0, 0, 3, 2650.45, 786686, 11
297, 213, 8, 10, 0, 0, 0.02%, 0, 0, 3, 2466.68, 798951, 11
302, 216, 8, 10, 0, 0, 0.02%, 0, 0, 3, 2570.58, 812251, 11
307, 220, 1, 10, 0, 0, 0.02%, 0, 0, 3, 2755.97, 826291, 11
312, 223, 8, 10, 0, 0, 0.02%, 0, 0, 3, 2618.26, 839450, 11
317, 227, 8, 10, 0, 0, 0.02%, 0, 0, 3, 2803.04, 853748, 11
322, 231, 8, 10, 0, 0, 0.02%, 0, 0, 3, 2839.98, 868616, 11
327, 235, 5, 10, 0, 0, 0.02%, 0, 0, 3, 2836.37, 883070, 11
332, 239, 8, 10, 0, 0, 0.02%, 0, 0, 3, 2781.78, 897747, 11
338, 243, 8, 10, 0, 0, 0.02%, 0, 0, 3, 2644.18, 911605, 11
343, 247, 8, 10, 0, 0, 0.02%, 0, 0, 3, 2666.15, 925492, 11
348, 251, 8, 10, 0, 0, 0.02%, 0, 0, 3, 2705.36, 939604, 11
353, 255, 8, 10, 0, 0, 0.02%, 0, 0, 3, 2764.56, 954004, 11
358, 259, 8, 10, 0, 0, 0.02%, 0, 0, 3, 2920.77, 968832, 11
363, 263, 5, 10, 0, 0, 0.02%, 0, 0, 3, 2918.20, 983936, 11
368, 267, 8, 10, 0, 0, 0.02%, 0, 0, 3, 2933.71, 998650, 11
373, 272, 8, 10, 0, 0, 0.02%, 0, 0, 3, 2910.19, 1013176, 11
379, 276, 8, 10, 0, 0, 0.02%, 0, 0, 3, 2962.50, 1028322, 11
384, 280, 8, 10, 0, 0, 0.02%, 0, 0, 3, 2981.47, 1043723, 11
389, 284, 8, 10, 0, 0, 0.02%, 0, 0, 3, 2895.82, 1058214, 11
394, 288, 1, 10, 0, 0, 0.02%, 0, 0, 3, 2779.38, 1072617, 11
399, 292, 8, 10, 0, 0, 0.02%, 0, 0, 3, 2826.94, 1086720, 11
404, 296, 5, 10, 0, 0, 0.02%, 0, 0, 3, 2985.51, 1102161, 11
409, 301, 8, 10, 0, 0, 0.02%, 0, 0, 3, 3047.87, 1117833, 11
414, 305, 6, 10, 0, 0, 0.02%, 0, 0, 3, 3031.31, 1133202, 11
420, 309, 4, 10, 0, 0, 0.02%, 0, 0, 3, 2980.24, 1148440, 11
425, 313, 8, 10, 0, 0, 0.02%, 0, 0, 3, 2681.96, 1161916, 11
430, 316, 1, 10, 0, 0, 0.02%, 0, 0, 3, 2384.85, 1174446, 11
435, 320, 8, 10, 0, 0, 0.02%, 0, 0, 3, 2429.56, 1186712, 11
440, 323, 5, 10, 0, 0, 0.02%, 0, 0, 3, 2522.10, 1199441, 11
445, 328, 8, 10, 0, 0, 0.02%, 0, 0, 3, 2904.78, 1214709, 11
450, 332, 1, 10, 0, 0, 0.02%, 0, 0, 3, 3007.94, 1230273, 11
455, 336, 8, 10, 0, 0, 0.02%, 0, 0, 3, 2981.08, 1245654, 11
461, 340, 5, 10, 0, 0, 0.02%, 0, 0, 3, 2978.32, 1260957, 11
466, 345, 5, 10, 0, 0, 0.02%, 0, 0, 3, 2996.64, 1276390, 11
471, 349, 8, 10, 0, 0, 0.02%, 0, 0, 3, 3032.55, 1291867, 11
476, 353, 8, 10, 0, 0, 0.02%, 0, 0, 3, 2978.28, 1306958, 11
481, 357, 8, 10, 0, 0, 0.02%, 0, 0, 3, 3010.34, 1322316, 11
486, 361, 8, 10, 0, 0, 0.02%, 0, 0, 3, 3010.71, 1337749, 11
491, 366, 5, 10, 0, 0, 0.02%, 0, 0, 3, 2985.64, 1353012, 11
496, 370, 5, 10, 0, 0, 0.02%, 0, 0, 3, 3011.90, 1368326, 11
502, 374, 2, 10, 0, 0, 0.02%, 0, 0, 3, 3016.43, 1383660, 11
507, 378, 8, 10, 0, 0, 0.02%, 0, 0, 3, 3003.04, 1399098, 11
512, 383, 8, 10, 0, 0, 0.02%, 0, 0, 3, 3005.79, 1414427, 11
517, 387, 8, 10, 0, 0, 0.02%, 0, 0, 3, 3028.89, 1429980, 11
522, 391, 5, 10, 0, 0, 0.02%, 0, 0, 3, 3018.94, 1445493, 11
527, 395, 8, 10, 0, 0, 0.02%, 0, 0, 3, 3020.92, 1460869, 11
532, 399, 8, 10, 0, 0, 0.02%, 0, 0, 3, 3039.06, 1476418, 11
537, 404, 5, 10, 0, 0, 0.02%, 0, 0, 3, 3026.34, 1491886, 11
542, 408, 8, 10, 0, 0, 0.02%, 0, 0, 3, 3027.15, 1507242, 11
548, 412, 8, 10, 0, 0, 0.02%, 0, 0, 3, 3029.29, 1522729, 11
553, 417, 5, 10, 0, 0, 0.02%, 0, 0, 3, 3023.38, 1538115, 11
558, 421, 1, 10, 0, 0, 0.02%, 0, 0, 3, 3026.48, 1553372, 11
563, 425, 2, 10, 0, 0, 0.02%, 0, 0, 3, 3009.88, 1568701, 11
568, 430, 9, 10, 0, 0, 0.02%, 0, 0, 3, 3012.08, 1584154, 11
573, 434, 8, 10, 0, 0, 0.02%, 0, 0, 3, 3010.29, 1599499, 11
578, 438, 8, 10, 0, 0, 0.02%, 0, 0, 3, 2999.39, 1614742, 11
583, 442, 8, 10, 0, 0, 0.02%, 0, 0, 3, 3006.55, 1630066, 11
588, 446, 8, 10, 0, 0, 0.02%, 0, 0, 3, 2725.99, 1644369, 11
594, 450, 5, 10, 0, 0, 0.02%, 0, 0, 3, 2919.49, 1659366, 11
599, 454, 8, 10, 0, 0, 0.02%, 0, 0, 3, 3011.67, 1675042, 11
604, 459, 5, 10, 0, 0, 0.02%, 0, 0, 3, 2993.75, 1690321, 11
609, 463, 8, 10, 0, 0, 0.02%, 0, 0, 3, 2990.81, 1705720, 11
614, 467, 8, 10, 0, 0, 0.02%, 0, 0, 3, 2846.94, 1720268, 11
619, 471, 8, 10, 0, 0, 0.02%, 0, 0, 3, 2636.94, 1733760, 11
624, 474, 8, 10, 0, 0, 0.02%, 0, 0, 3, 2616.00, 1746900, 11
629, 478, 8, 10, 0, 0, 0.02%, 0, 0, 3, 2565.67, 1759956, 11
635, 482, 8, 10, 0, 0, 0.02%, 0, 0, 3, 2588.86, 1773046, 11
640, 486, 5, 10, 0, 0, 0.02%, 0, 0, 3, 2757.01, 1787314, 11
645, 489, 8, 10, 0, 0, 0.02%, 0, 0, 3, 2636.25, 1800286, 11
650, 493, 8, 10, 0, 0, 0.02%, 0, 0, 3, 2565.04, 1813510, 11
655, 497, 8, 10, 0, 0, 0.02%, 0, 0, 3, 2643.63, 1827119, 11
660, 501, 8, 10, 0, 0, 0.02%, 0, 0, 3, 2942.08, 1842512, 11
665, 505, 5, 10, 0, 0, 0.02%, 0, 0, 3, 2999.15, 1857801, 11
671, 510, 1, 10, 0, 0, 0.02%, 0, 0, 3, 2846.13, 1872665, 11
676, 513, 8, 10, 0, 0, 0.02%, 0, 0, 3, 2739.85, 1886209, 11
681, 517, 8, 10, 0, 0, 0.02%, 0, 0, 3, 2706.12, 1900370, 11
686, 521, 8, 10, 0, 0, 0.02%, 0, 0, 3, 2758.31, 1914518, 11
691, 524, 8, 10, 0, 0, 0.02%, 0, 0, 3, 2298.78, 1926424, 11
696, 528, 8, 10, 0, 0, 0.02%, 0, 0, 3, 2541.79, 1939201, 11
701, 531, 5, 10, 0, 0, 0.02%, 0, 0, 3, 2462.69, 1951698, 11
706, 535, 5, 10, 0, 0, 0.02%, 0, 0, 3, 2441.00, 1963998, 11
711, 538, 8, 10, 0, 0, 0.02%, 0, 0, 3, 2506.16, 1977257, 11
717, 542, 1, 10, 0, 0, 0.02%, 0, 0, 3, 2473.69, 1990151, 11
722, 546, 8, 10, 0, 0, 0.02%, 0, 0, 3, 2687.25, 2004162, 11
727, 550, 8, 10, 0, 0, 0.02%, 0, 0, 3, 2886.30, 2019079, 11
732, 554, 8, 10, 0, 0, 0.02%, 0, 0, 3, 2756.54, 2032976, 11
737, 558, 5, 10, 0, 0, 0.02%, 0, 0, 3, 2733.49, 2047046, 11
742, 562, 8, 10, 0, 0, 0.02%, 0, 0, 3, 2925.47, 2062449, 11
747, 566, 5, 10, 0, 0, 0.02%, 0, 0, 3, 2981.78, 2077824, 11
752, 570, 8, 10, 0, 0, 0.02%, 0, 0, 3, 3028.43, 2093377, 11
758, 575, 8, 10, 0, 0, 0.02%, 0, 0, 3, 3013.83, 2108949, 11
763, 579, 8, 10, 0, 0, 0.02%, 0, 0, 3, 3044.05, 2124503, 11
768, 584, 8, 10, 0, 0, 0.02%, 0, 0, 3, 2996.47, 2139733, 11
773, 588, 5, 10, 0, 0, 0.02%, 0, 0, 3, 2995.43, 2155048, 11
778, 592, 8, 10, 0, 0, 0.02%, 0, 0, 3, 3000.41, 2170441, 11
783, 596, 6, 10, 0, 0, 0.02%, 0, 0, 3, 3042.34, 2185872, 11
788, 600, 8, 10, 0, 0, 0.02%, 0, 0, 3, 3048.43, 2201554, 11
793, 604, 8, 10, 0, 0, 0.02%, 0, 0, 3, 3024.12, 2216862, 11
798, 609, 1, 10, 0, 0, 0.02%, 0, 0, 3, 3018.85, 2232149, 11
804, 613, 9, 10, 0, 0, 0.02%, 0, 0, 3, 3011.71, 2247564, 11
809, 617, 8, 10, 0, 0, 0.02%, 0, 0, 3, 3045.58, 2263026, 11
814, 622, 8, 10, 0, 0, 0.02%, 0, 0, 3, 3030.06, 2278313, 11
819, 626, 8, 10, 0, 0, 0.02%, 0, 0, 3, 3041.49, 2293885, 11
824, 630, 8, 10, 0, 0, 0.02%, 0, 0, 3, 3021.56, 2309433, 11
829, 634, 8, 10, 0, 0, 0.02%, 0, 0, 3, 3039.38, 2324908, 11
834, 638, 8, 10, 0, 0, 0.02%, 0, 0, 3, 3021.62, 2340076, 11
839, 642, 5, 10, 0, 0, 0.02%, 0, 0, 3, 3013.17, 2355439, 11
844, 647, 9, 10, 0, 0, 0.02%, 0, 0, 3, 3023.88, 2370960, 11
849, 651, 5, 10, 0, 0, 0.02%, 0, 0, 3, 3034.32, 2386383, 11
855, 655, 8, 10, 0, 0, 0.02%, 0, 0, 3, 3024.45, 2401905, 11
860, 660, 8, 10, 0, 0, 0.02%, 0, 0, 3, 3017.69, 2417561, 11
865, 664, 8, 10, 0, 0, 0.02%, 0, 0, 3, 3002.60, 2432750, 11
870, 668, 8, 10, 0, 0, 0.02%, 0, 0, 3, 3038.11, 2448306, 11
875, 672, 8, 10, 0, 0, 0.02%, 0, 0, 3, 3022.08, 2463716, 11
880, 677, 8, 10, 0, 0, 0.02%, 0, 0, 3, 3024.87, 2479208, 11
885, 681, 6, 10, 0, 0, 0.02%, 0, 0, 3, 3007.89, 2494689, 11
890, 685, 8, 10, 0, 0, 0.02%, 0, 0, 3, 3025.12, 2510096, 11
895, 689, 8, 10, 0, 0, 0.02%, 0, 0, 3, 2974.64, 2525396, 11
901, 694, 8, 10, 0, 0, 0.02%, 0, 0, 3, 2983.16, 2540781, 11
906, 698, 1, 10, 0, 0, 0.02%, 0, 0, 3, 2993.34, 2556144, 11
911, 702, 8, 10, 0, 0, 0.02%, 0, 0, 3, 2944.63, 2571108, 11
916, 706, 5, 10, 0, 0, 0.02%, 0, 0, 3, 2976.78, 2586491, 11
921, 710, 8, 10, 0, 0, 0.02%, 0, 0, 3, 2808.51, 2601276, 11
926, 714, 8, 10, 0, 0, 0.02%, 0, 0, 3, 2623.06, 2614763, 11
931, 718, 1, 10, 0, 0, 0.02%, 0, 0, 3, 2921.21, 2630113, 11
937, 723, 8, 10, 0, 0, 0.02%, 0, 0, 3, 2980.77, 2645427, 11
942, 727, 8, 10, 0, 0, 0.02%, 0, 0, 3, 2808.10, 2660092, 11
947, 730, 8, 10, 0, 0, 0.02%, 0, 0, 3, 2384.26, 2672639, 11
952, 734, 8, 10, 0, 0, 0.02%, 0, 0, 3, 2346.80, 2684337, 11
957, 737, 8, 10, 0, 0, 0.02%, 0, 0, 3, 2520.27, 2697721, 11
962, 741, 1, 10, 0, 0, 0.02%, 0, 0, 3, 2475.54, 2710967, 11
967, 744, 8, 10, 0, 0, 0.02%, 0, 0, 3, 2344.06, 2722545, 11
972, 748, 5, 10, 0, 0, 0.02%, 0, 0, 3, 2832.28, 2737299, 11
978, 752, 8, 10, 0, 0, 0.02%, 0, 0, 3, 2818.40, 2751850, 11
983, 756, 8, 10, 0, 0, 0.02%, 0, 0, 3, 2998.35, 2767125, 11
988, 760, 8, 10, 0, 0, 0.02%, 0, 0, 3, 2961.24, 2782112, 11
993, 764, 8, 10, 0, 0, 0.02%, 0, 0, 3, 2799.17, 2796709, 11
998, 768, 4, 10, 0, 0, 0.02%, 0, 0, 3, 2768.80, 2811043, 11
1003, 772, 5, 10, 0, 0, 0.02%, 0, 0, 3, 2724.75, 2824925, 11
1008, 776, 8, 10, 0, 0, 0.02%, 0, 0, 3, 2816.89, 2839520, 11
1014, 780, 5, 10, 0, 0, 0.02%, 0, 0, 3, 2488.77, 2852692, 11
1019, 784, 1, 10, 0, 0, 0.02%, 0, 0, 3, 2775.06, 2866832, 11
1024, 788, 8, 10, 0, 0, 0.02%, 0, 0, 3, 2937.19, 2881985, 11
1029, 792, 5, 10, 0, 0, 0.02%, 0, 0, 3, 2714.20, 2896269, 11
1034, 796, 8, 10, 0, 0, 0.02%, 0, 0, 3, 2624.98, 2909541, 11
1039, 799, 8, 10, 0, 0, 0.02%, 0, 0, 3, 2666.65, 2923126, 11
1044, 803, 8, 10, 0, 0, 0.02%, 0, 0, 3, 2771.49, 2937162, 11
1049, 808, 8, 10, 0, 0, 0.02%, 0, 0, 3, 2816.29, 2951804, 11
1054, 811, 1, 10, 0, 0, 0.02%, 0, 0, 3, 2769.55, 2965761, 11
1060, 815, 9, 10, 0, 0, 0.02%, 0, 0, 3, 2714.45, 2979360, 11
1065, 819, 8, 10, 0, 0, 0.02%, 0, 0, 3, 2914.10, 2994487, 11
1070, 823, 8, 10, 0, 0, 0.02%, 0, 0, 3, 2769.84, 3008580, 11
1075, 827, 8, 10, 0, 0, 0.02%, 0, 0, 3, 2593.02, 3021915, 11
1080, 830, 5, 10, 0, 0, 0.02%, 0, 0, 3, 2559.70, 3034392, 11
1085, 834, 8, 10, 0, 0, 0.02%, 0, 0, 3, 2734.73, 3048628, 11
1090, 838, 8, 10, 0, 0, 0.02%, 0, 0, 3, 2585.14, 3061733, 11
1096, 842, 8, 10, 0, 0, 0.02%, 0, 0, 3, 2705.03, 3075465, 11
1101, 846, 8, 10, 0, 0, 0.02%, 0, 0, 3, 2910.99, 3090239, 11
1106, 850, 5, 10, 0, 0, 0.02%, 0, 0, 3, 2843.18, 3104976, 11
1111, 854, 8, 10, 0, 0, 0.02%, 0, 0, 3, 2518.26, 3118008, 11
1116, 857, 5, 10, 0, 0, 0.02%, 0, 0, 3, 2602.49, 3131013, 11
1121, 861, 8, 10, 0, 0, 0.02%, 0, 0, 3, 2626.62, 3144544, 11
1126, 865, 8, 10, 0, 0, 0.02%, 0, 0, 3, 2734.01, 3158532, 11
1131, 869, 1, 10, 0, 0, 0.02%, 0, 0, 3, 2565.43, 3171699, 11
1137, 872, 8, 10, 0, 0, 0.02%, 0, 0, 3, 2597.88, 3185565, 11
1142, 876, 8, 10, 0, 0, 0.02%, 0, 0, 3, 2759.51, 3199566, 11
1147, 880, 8, 10, 0, 0, 0.02%, 0, 0, 3, 2390.02, 3211769, 11
1152, 884, 5, 10, 0, 0, 0.02%, 0, 0, 3, 2427.18, 3224259, 11
1157, 887, 8, 10, 0, 0, 0.02%, 0, 0, 3, 2340.94, 3236207, 11
1162, 890, 8, 10, 0, 0, 0.02%, 0, 0, 3, 2465.90, 3248748, 11
1167, 894, 8, 10, 0, 0, 0.02%, 0, 0, 3, 2624.50, 3262407, 11
1172, 898, 8, 10, 0, 0, 0.02%, 0, 0, 3, 2644.81, 3275412, 11
1177, 902, 7, 10, 0, 0, 0.02%, 0, 0, 3, 2692.99, 3288967, 11
1182, 906, 5, 10, 0, 0, 0.02%, 0, 0, 3, 2708.68, 3303336, 11
1188, 910, 8, 10, 0, 0, 0.02%, 0, 0, 3, 2891.80, 3318479, 11
1193, 914, 8, 10, 0, 0, 0.02%, 0, 0, 3, 2699.87, 3332059, 11
1198, 918, 6, 10, 0, 0, 0.02%, 0, 0, 3, 2906.52, 3346909, 11
1203, 922, 6, 10, 0, 0, 0.02%, 0, 0, 3, 2753.08, 3361325, 11
1208, 926, 8, 10, 0, 0, 0.02%, 0, 0, 3, 2718.26, 3375461, 11
1213, 930, 8, 10, 0, 0, 0.02%, 0, 0, 3, 2693.64, 3389730, 11
1218, 933, 8, 10, 0, 0, 0.02%, 0, 0, 3, 2392.45, 3401673, 11
1224, 937, 8, 10, 0, 0, 0.02%, 0, 0, 3, 2744.65, 3416058, 11
1229, 941, 8, 10, 0, 0, 0.02%, 0, 0, 3, 2827.98, 3430880, 11
1234, 945, 5, 10, 0, 0, 0.02%, 0, 0, 3, 2671.71, 3444594, 11
1239, 949, 8, 10, 0, 0, 0.02%, 0, 0, 3, 2880.67, 3459476, 11
1244, 953, 5, 10, 0, 0, 0.02%, 0, 0, 3, 2958.75, 3474959, 11
1249, 958, 1, 10, 0, 0, 0.02%, 0, 0, 3, 3020.59, 3490478, 11
1254, 962, 1, 10, 0, 0, 0.02%, 0, 0, 3, 3020.97, 3505928, 11
1259, 966, 5, 10, 0, 0, 0.02%, 0, 0, 3, 3016.08, 3521411, 11
1265, 970, 8, 10, 0, 0, 0.02%, 0, 0, 3, 2994.14, 3536903, 11
1270, 974, 9, 10, 0, 0, 0.02%, 0, 0, 3, 3005.76, 3552277, 11
1275, 979, 1, 10, 0, 0, 0.02%, 0, 0, 3, 3043.23, 3568084, 11
1280, 983, 8, 10, 0, 0, 0.02%, 0, 0, 3, 3044.75, 3583858, 11
1285, 987, 4, 10, 0, 0, 0.02%, 0, 0, 3, 2991.82, 3599189, 11
1290, 991, 8, 10, 0, 0, 0.02%, 0, 0, 3, 2934.94, 3614302, 11
1296, 995, 5, 10, 0, 0, 0.02%, 0, 0, 3, 2985.73, 3629787, 11
1301, 1000, 8, 10, 0, 0, 0.02%, 0, 0, 3, 3007.48, 3645173, 11
1306, 1004, 8, 10, 0, 0, 0.02%, 0, 0, 3, 3007.52, 3660525, 11
1311, 1008, 8, 10, 0, 0, 0.02%, 0, 0, 3, 3015.13, 3675862, 11
1316, 1012, 8, 10, 0, 0, 0.02%, 0, 0, 3, 3007.27, 3691156, 11
1321, 1017, 8, 10, 0, 0, 0.02%, 0, 0, 3, 3004.81, 3706505, 11
1326, 1021, 8, 10, 0, 0, 0.02%, 0, 0, 3, 3011.49, 3722011, 11
1331, 1025, 8, 10, 0, 0, 0.02%, 0, 0, 3, 3016.47, 3737416, 11
1336, 1029, 8, 10, 0, 0, 0.02%, 0, 0, 3, 3022.52, 3752965, 11
1342, 1034, 8, 10, 0, 0, 0.02%, 0, 0, 3, 3021.78, 3768481, 11
1347, 1038, 8, 10, 0, 0, 0.02%, 0, 0, 3, 3035.97, 3783955, 11
1352, 1042, 8, 10, 0, 0, 0.02%, 0, 0, 3, 2965.23, 3799024, 11
1357, 1046, 8, 10, 0, 0, 0.02%, 0, 0, 3, 2968.16, 3814201, 11
1362, 1051, 8, 10, 0, 0, 0.02%, 0, 0, 3, 2992.19, 3829579, 11
1367, 1055, 5, 10, 0, 0, 0.02%, 0, 0, 3, 3003.03, 3844766, 11
1372, 1059, 8, 10, 0, 0, 0.02%, 0, 0, 3, 2991.64, 3860087, 11
1377, 1063, 8, 10, 0, 0, 0.02%, 0, 0, 3, 2989.84, 3875442, 11
1383, 1067, 1, 10, 0, 0, 0.02%, 0, 0, 3, 2966.29, 3890738, 11
1388, 1071, 8, 10, 0, 0, 0.02%, 0, 0, 3, 3002.15, 3906124, 11
1393, 1076, 5, 10, 0, 0, 0.02%, 0, 0, 3, 2988.58, 3921574, 11
1398, 1080, 3, 10, 0, 0, 0.02%, 0, 0, 3, 2993.38, 3936874, 11
1403, 1084, 8, 10, 0, 0, 0.02%, 0, 0, 3, 3000.14, 3952186, 11
1408, 1088, 5, 10, 0, 0, 0.02%, 0, 0, 3, 3023.95, 3967606, 11
1413, 1093, 8, 10, 0, 0, 0.02%, 0, 0, 3, 2999.06, 3982961, 11
1418, 1097, 9, 10, 0, 0, 0.02%, 0, 0, 3, 2976.15, 3998251, 11
1423, 1101, 8, 10, 0, 0, 0.02%, 0, 0, 3, 2977.27, 4013461, 11
1429, 1106, 5, 10, 0, 0, 0.02%, 0, 0, 3, 3003.49, 4028772, 11
1434, 1110, 8, 10, 0, 0, 0.02%, 0, 0, 3, 3000.18, 4044069, 11
1439, 1114, 8, 10, 0, 0, 0.02%, 0, 0, 3, 2968.72, 4059428, 11
1444, 1119, 9, 10, 0, 0, 0.02%, 0, 0, 3, 2976.55, 4074892, 11
1449, 1123, 8, 10, 0, 0, 0.02%, 0, 0, 3, 3030.22, 4090304, 11
1454, 1127, 7, 10, 0, 0, 0.02%, 0, 0, 3, 3015.86, 4105579, 11
1459, 1131, 5, 10, 0, 0, 0.02%, 0, 0, 3, 3025.22, 4121187, 11
1464, 1135, 8, 10, 0, 0, 0.02%, 0, 0, 3, 2998.85, 4136752, 11
1470, 1140, 8, 10, 0, 0, 0.02%, 0, 0, 3, 2980.54, 4152270, 11
1475, 1144, 8, 10, 0, 0, 0.02%, 0, 0, 3, 2949.75, 4167540, 11
1480, 1148, 8, 10, 0, 0, 0.02%, 0, 0, 3, 2979.81, 4182793, 11
1485, 1152, 8, 10, 0, 0, 0.02%, 0, 0, 3, 2986.24, 4198159, 11
1490, 1156, 8, 10, 0, 0, 0.02%, 0, 0, 3, 2975.46, 4213527, 11
1495, 1160, 1, 10, 0, 0, 0.02%, 0, 0, 3, 3021.61, 4228970, 11
1500, 1165, 8, 10, 0, 0, 0.02%, 0, 0, 3, 2996.19, 4244328, 11
1505, 1169, 6, 10, 0, 0, 0.02%, 0, 0, 3, 2952.63, 4259452, 11
1511, 1173, 8, 10, 0, 0, 0.02%, 0, 0, 3, 2989.40, 4274826, 11
1516, 1177, 6, 10, 0, 0, 0.02%, 0, 0, 3, 3012.38, 4290142, 11
1521, 1181, 8, 10, 0, 0, 0.02%, 0, 0, 3, 3019.02, 4305578, 11
1526, 1185, 8, 10, 0, 0, 0.02%, 0, 0, 3, 3034.03, 4321177, 11
1531, 1190, 4, 10, 0, 0, 0.02%, 0, 0, 3, 3033.55, 4336634, 11
1536, 1194, 8, 10, 0, 0, 0.02%, 0, 0, 3, 3003.37, 4352115, 11
1541, 1198, 8, 10, 0, 0, 0.02%, 0, 0, 3, 3011.82, 4367465, 11
1546, 1203, 8, 10, 0, 0, 0.02%, 0, 0, 3, 2986.57, 4382809, 11
1552, 1207, 8, 10, 0, 0, 0.02%, 0, 0, 3, 3012.43, 4398266, 11
1557, 1211, 5, 10, 0, 0, 0.02%, 0, 0, 3, 3026.62, 4413877, 11
1562, 1216, 8, 10, 0, 0, 0.02%, 0, 0, 3, 3046.13, 4429486, 11
1567, 1220, 5, 10, 0, 0, 0.02%, 0, 0, 3, 3017.45, 4444889, 11
1572, 1224, 5, 10, 0, 0, 0.02%, 0, 0, 3, 3010.96, 4460393, 11
1577, 1228, 8, 10, 0, 0, 0.02%, 0, 0, 3, 3028.19, 4475928, 11
1582, 1233, 5, 10, 0, 0, 0.02%, 0, 0, 3, 3045.69, 4491540, 11
1588, 1237, 8, 10, 0, 0, 0.02%, 0, 0, 3, 3025.97, 4507091, 11
1593, 1242, 1, 10, 0, 0, 0.02%, 0, 0, 3, 3026.03, 4522584, 11
1598, 1246, 8, 10, 0, 0, 0.02%, 0, 0, 3, 2984.93, 4537778, 11
1603, 1250, 8, 10, 0, 0, 0.02%, 0, 0, 3, 3025.95, 4553285, 11
1608, 1254, 8, 10, 0, 0, 0.02%, 0, 0, 3, 2979.07, 4568445, 11
1613, 1259, 8, 10, 0, 0, 0.02%, 0, 0, 3, 3003.09, 4583952, 11
1618, 1263, 8, 10, 0, 0, 0.02%, 0, 0, 3, 2986.95, 4599168, 11
1623, 1267, 1, 10, 0, 0, 0.02%, 0, 0, 3, 2991.57, 4614407, 11
1628, 1271, 8, 10, 0, 0, 0.02%, 0, 0, 3, 2942.55, 4629440, 11
1634, 1275, 8, 10, 0, 0, 0.02%, 0, 0, 3, 2500.63, 4641307, 11
1639, 1279, 8, 10, 0, 0, 0.02%, 0, 0, 3, 2850.60, 4656284, 11
1644, 1283, 8, 10, 0, 0, 0.02%, 0, 0, 3, 2928.00, 4671372, 11
1649, 1287, 8, 10, 0, 0, 0.02%, 0, 0, 3, 2977.34, 4686616, 11
1654, 1292, 9, 10, 0, 0, 0.02%, 0, 0, 3, 2970.96, 4701745, 11
1659, 1296, 8, 10, 0, 0, 0.02%, 0, 0, 3, 2962.97, 4716901, 11
1664, 1300, 5, 10, 0, 0, 0.02%, 0, 0, 3, 2955.83, 4732014, 11
1669, 1304, 8, 10, 0, 0, 0.02%, 0, 0, 3, 2943.75, 4747332, 11
1674, 1309, 8, 10, 0, 0, 0.02%, 0, 0, 3, 2946.28, 4762526, 11
1680, 1313, 8, 10, 0, 0, 0.02%, 0, 0, 3, 2959.05, 4777676, 11
1685, 1317, 5, 10, 0, 0, 0.02%, 0, 0, 3, 2959.61, 4792831, 11
1690, 1321, 8, 10, 0, 0, 0.02%, 0, 0, 3, 2995.82, 4808289, 11
1695, 1325, 8, 10, 0, 0, 0.02%, 0, 0, 3, 2964.50, 4823272, 11
1700, 1330, 1, 10, 0, 0, 0.02%, 0, 0, 3, 2987.28, 4838687, 11
1705, 1334, 8, 10, 0, 0, 0.02%, 0, 0, 3, 2986.96, 4853987, 11
1710, 1338, 8, 10, 0, 0, 0.02%, 0, 0, 3, 3001.27, 4869524, 11
1716, 1342, 1, 10, 0, 0, 0.02%, 0, 0, 3, 2958.64, 4884584, 11
1721, 1346, 8, 10, 0, 0, 0.02%, 0, 0, 3, 2958.68, 4899618, 11
1726, 1350, 8, 10, 0, 0, 0.02%, 0, 0, 3, 2953.47, 4914390, 11
1731, 1355, 6, 10, 0, 0, 0.02%, 0, 0, 3, 2983.39, 4929791, 11
1736, 1359, 8, 10, 0, 0, 0.02%, 0, 0, 3, 2942.85, 4944760, 11
1741, 1363, 5, 10, 0, 0, 0.02%, 0, 0, 3, 2934.92, 4959789, 11
1746, 1367, 8, 10, 0, 0, 0.02%, 0, 0, 3, 2975.97, 4975005, 11
1751, 1371, 8, 10, 0, 0, 0.02%, 0, 0, 3, 2968.90, 4990129, 11
1756, 1375, 8, 10, 0, 0, 0.02%, 0, 0, 3, 2960.15, 5005298, 11
1761, 1380, 5, 10, 0, 0, 0.02%, 0, 0, 3, 2956.39, 5020500, 11
1767, 1384, 1, 10, 0, 0, 0.02%, 0, 0, 3, 2974.13, 5035897, 11
1772, 1388, 8, 10, 0, 0, 0.02%, 0, 0, 3, 2976.40, 5051276, 11
1777, 1392, 5, 10, 0, 0, 0.02%, 0, 0, 3, 2957.10, 5066645, 11
1782, 1397, 8, 10, 0, 0, 0.02%, 0, 0, 3, 2973.11, 5081843, 11
1787, 1401, 8, 10, 0, 0, 0.02%, 0, 0, 3, 2962.72, 5097082, 11
1792, 1405, 5, 10, 0, 0, 0.02%, 0, 0, 3, 2947.96, 5112296, 11
1797, 1409, 8, 10, 0, 0, 0.02%, 0, 0, 3, 2967.94, 5127541, 11
1803, 1414, 8, 10, 0, 0, 0.02%, 0, 0, 3, 2938.68, 5142606, 11
1808, 1418, 8, 10, 0, 0, 0.02%, 0, 0, 3, 2905.13, 5157541, 11
1813, 1422, 5, 10, 0, 0, 0.02%, 0, 0, 3, 2973.67, 5172538, 11
1818, 1426, 1, 10, 0, 0, 0.02%, 0, 0, 3, 2970.37, 5187631, 11
1823, 1430, 5, 10, 0, 0, 0.02%, 0, 0, 3, 2985.56, 5202766, 11
1828, 1434, 8, 10, 0, 0, 0.02%, 0, 0, 3, 2986.54, 5217893, 11
1833, 1438, 5, 10, 0, 0, 0.02%, 0, 0, 3, 2986.47, 5233173, 11
1838, 1442, 5, 10, 0, 0, 0.02%, 0, 0, 3, 2969.74, 5248221, 11
1843, 1446, 8, 10, 0, 0, 0.02%, 0, 0, 3, 2990.43, 5263535, 11
1848, 1450, 8, 10, 0, 0, 0.02%, 0, 0, 3, 2944.68, 5278446, 11
1853, 1454, 5, 10, 0, 0, 0.02%, 0, 0, 3, 2975.41, 5293519, 11
1859, 1459, 8, 10, 0, 0, 0.02%, 0, 0, 3, 2969.91, 5308634, 11
1864, 1463, 8, 10, 0, 0, 0.02%, 0, 0, 3, 2956.39, 5323572, 11
1869, 1467, 5, 10, 0, 0, 0.02%, 0, 0, 3, 2917.40, 5338539, 11
1874, 1471, 1, 10, 0, 0, 0.02%, 0, 0, 3, 2964.31, 5353760, 11
1879, 1475, 8, 10, 0, 0, 0.02%, 0, 0, 3, 2960.90, 5368821, 11
1884, 1479, 1, 10, 0, 0, 0.02%, 0, 0, 3, 2962.13, 5383980, 11
1889, 1484, 8, 10, 0, 0, 0.02%, 0, 0, 3, 2982.63, 5399433, 11
1894, 1488, 8, 10, 0, 0, 0.02%, 0, 0, 3, 2982.92, 5414515, 11
1899, 1492, 8, 10, 0, 0, 0.02%, 0, 0, 3, 2939.73, 5429497, 11
1905, 1496, 5, 10, 0, 0, 0.02%, 0, 0, 3, 2953.62, 5444594, 11
1910, 1500, 5, 10, 0, 0, 0.02%, 0, 0, 3, 2956.74, 5459928, 11
1915, 1504, 8, 10, 0, 0, 0.02%, 0, 0, 3, 2961.32, 5475233, 11
1920, 1509, 3, 10, 0, 0, 0.02%, 0, 0, 3, 2959.50, 5490352, 11
1925, 1513, 5, 10, 0, 0, 0.02%, 0, 0, 3, 2979.67, 5505742, 11
1930, 1518, 8, 10, 0, 0, 0.02%, 0, 0, 3, 2917.67, 5520856, 11
1935, 1522, 8, 10, 0, 0, 0.02%, 0, 0, 3, 2955.31, 5535961, 11
1940, 1526, 8, 10, 0, 0, 0.02%, 0, 0, 3, 2967.20, 5550997, 11
1946, 1530, 8, 10, 0, 0, 0.02%, 0, 0, 3, 2963.48, 5566055, 11
1951, 1535, 8, 10, 0, 0, 0.02%, 0, 0, 3, 2982.32, 5581406, 11
1956, 1539, 8, 10, 0, 0, 0.02%, 0, 0, 3, 2983.55, 5596666, 11
1961, 1543, 7, 10, 0, 0, 0.02%, 0, 0, 3, 2922.58, 5611694, 11
1966, 1547, 5, 10, 0, 0, 0.02%, 0, 0, 3, 2968.15, 5626883, 11
1971, 1552, 8, 10, 0, 0, 0.02%, 0, 0, 3, 2953.19, 5642075, 11
1976, 1556, 8, 10, 0, 0, 0.02%, 0, 0, 3, 2965.45, 5657361, 11
1981, 1560, 8, 10, 0, 0, 0.02%, 0, 0, 3, 2952.75, 5672379, 11
1987, 1564, 5, 10, 0, 0, 0.02%, 0, 0, 3, 2945.21, 5687366, 11
1992, 1568, 5, 10, 0, 0, 0.02%, 0, 0, 3, 2963.94, 5702523, 11
1997, 1572, 8, 10, 0, 0, 0.02%, 0, 0, 3, 2966.07, 5717674, 11
2002, 1576, 1, 10, 0, 0, 0.02%, 0, 0, 3, 2930.72, 5732505, 11
2007, 1581, 5, 10, 0, 0, 0.02%, 0, 0, 3, 2943.59, 5747752, 11
2012, 1585, 8, 10, 0, 0, 0.02%, 0, 0, 3, 2970.98, 5763211, 11
2017, 1588, 4, 10, 0, 0, 0.02%, 0, 0, 3, 2972.37, 5778429, 11
2022, 1593, 8, 10, 0, 0, 0.02%, 0, 0, 3, 2934.26, 5793585, 11
2028, 1597, 1, 10, 0, 0, 0.02%, 0, 0, 3, 2939.67, 5808839, 11
2033, 1601, 8, 10, 0, 0, 0.02%, 0, 0, 3, 2961.19, 5824015, 11
2038, 1605, 8, 10, 0, 0, 0.02%, 0, 0, 3, 2961.63, 5838927, 11
2043, 1609, 8, 10, 0, 0, 0.02%, 0, 0, 3, 2980.53, 5854318, 11
2048, 1613, 8, 10, 0, 0, 0.02%, 0, 0, 3, 2945.89, 5869351, 11
2053, 1617, 8, 10, 0, 0, 0.02%, 0, 0, 3, 2953.00, 5884378, 11
2058, 1621, 8, 10, 0, 0, 0.02%, 0, 0, 3, 2963.04, 5899617, 11
2063, 1626, 8, 10, 0, 0, 0.02%, 0, 0, 3, 2920.76, 5914515, 11
2068, 1630, 9, 10, 0, 0, 0.02%, 0, 0, 3, 2967.77, 5929802, 11
2074, 1634, 8, 10, 0, 0, 0.02%, 0, 0, 3, 2974.14, 5945081, 11
2079, 1638, 8, 10, 0, 0, 0.02%, 0, 0, 3, 2995.52, 5960406, 11
2084, 1642, 8, 10, 0, 0, 0.02%, 0, 0, 3, 2936.00, 5975331, 11
2089, 1646, 8, 10, 0, 0, 0.02%, 0, 0, 3, 2962.45, 5990557, 11
2094, 1650, 2, 10, 0, 0, 0.02%, 0, 0, 3, 2950.32, 6005666, 11
2099, 1654, 8, 10, 0, 0, 0.02%, 0, 0, 3, 2964.52, 6020725, 11
2104, 1658, 8, 10, 0, 0, 0.02%, 0, 0, 3, 2940.73, 6035823, 11
2109, 1662, 8, 10, 0, 0, 0.02%, 0, 0, 3, 2977.93, 6051044, 11
2115, 1667, 8, 10, 0, 0, 0.02%, 0, 0, 3, 2984.26, 6066509, 11
2120, 1671, 8, 10, 0, 0, 0.02%, 0, 0, 3, 2981.83, 6081413, 11
2125, 1675, 8, 10, 0, 0, 0.02%, 0, 0, 3, 2943.06, 6096427, 11
2130, 1679, 8, 10, 0, 0, 0.02%, 0, 0, 3, 2959.67, 6111617, 11
2135, 1683, 8, 10, 0, 0, 0.02%, 0, 0, 3, 2971.34, 6126655, 11
2140, 1687, 8, 10, 0, 0, 0.02%, 0, 0, 3, 2987.17, 6142048, 11
2145, 1691, 1, 10, 0, 0, 0.02%, 0, 0, 3, 2947.43, 6157157, 11
2150, 1695, 8, 10, 0, 0, 0.02%, 0, 0, 3, 2979.95, 6172568, 11
2155, 1699, 8, 10, 0, 0, 0.02%, 0, 0, 3, 2973.06, 6187718, 11
2161, 1704, 5, 10, 0, 0, 0.02%, 0, 0, 3, 2966.83, 6202998, 11
2166, 1708, 8, 10, 0, 0, 0.02%, 0, 0, 3, 2954.60, 6218292, 11
2171, 1712, 7, 10, 0, 0, 0.02%, 0, 0, 3, 2965.54, 6233561, 11
2176, 1716, 8, 10, 0, 0, 0.02%, 0, 0, 3, 2987.08, 6248915, 11
2181, 1720, 1, 10, 0, 0, 0.02%, 0, 0, 3, 2973.85, 6264257, 11
2186, 1724, 8, 10, 0, 0, 0.02%, 0, 0, 3, 2961.34, 6279448, 11
2191, 1728, 7, 10, 0, 0, 0.02%, 0, 0, 3, 2906.49, 6294417, 11
2197, 1732, 5, 10, 0, 0, 0.02%, 0, 0, 3, 2971.59, 6309707, 11
2202, 1737, 4, 10, 0, 0, 0.02%, 0, 0, 3, 2974.93, 6324830, 11
2207, 1741, 5, 10, 0, 0, 0.02%, 0, 0, 3, 2939.84, 6339913, 11
2212, 1745, 8, 10, 0, 0, 0.02%, 0, 0, 3, 2972.33, 6354997, 11
2217, 1749, 8, 10, 0, 0, 0.02%, 0, 0, 3, 2996.27, 6370299, 11
2222, 1753, 8, 10, 0, 0, 0.02%, 0, 0, 3, 2971.07, 6385366, 11
2227, 1757, 1, 10, 0, 0, 0.02%, 0, 0, 3, 2957.16, 6400507, 11
2232, 1761, 1, 10, 0, 0, 0.02%, 0, 0, 3, 2957.08, 6415666, 11
2237, 1765, 5, 10, 0, 0, 0.02%, 0, 0, 3, 2879.72, 6430109, 11
2243, 1769, 8, 10, 0, 0, 0.02%, 0, 0, 3, 2849.40, 6444636, 11
2248, 1773, 8, 10, 0, 0, 0.02%, 0, 0, 3, 2822.92, 6458308, 11
2253, 1777, 5, 10, 0, 0, 0.02%, 0, 0, 3, 2938.20, 6473619, 11
2258, 1781, 8, 10, 0, 0, 0.02%, 0, 0, 3, 2955.15, 6488693, 11
2263, 1786, 5, 10, 0, 0, 0.02%, 0, 0, 3, 2997.30, 6504011, 11
2268, 1790, 5, 10, 0, 0, 0.02%, 0, 0, 3, 2990.55, 6519315, 11
2273, 1794, 5, 10, 0, 0, 0.02%, 0, 0, 3, 3025.36, 6534944, 11
2278, 1798, 8, 10, 0, 0, 0.02%, 0, 0, 3, 3008.54, 6550263, 11
2284, 1803, 8, 10, 0, 0, 0.02%, 0, 0, 3, 3004.88, 6565614, 11
2289, 1807, 8, 10, 0, 0, 0.02%, 0, 0, 3, 2989.05, 6580859, 11
2294, 1811, 8, 10, 0, 0, 0.02%, 0, 0, 3, 2976.67, 6595990, 11
2299, 1816, 6, 10, 0, 0, 0.02%, 0, 0, 3, 2997.94, 6611430, 11
2304, 1820, 8, 10, 0, 0, 0.02%, 0, 0, 3, 3013.66, 6626703, 11
2309, 1824, 4, 10, 0, 0, 0.02%, 0, 0, 3, 2956.54, 6641742, 11
2314, 1828, 8, 10, 0, 0, 0.02%, 0, 0, 3, 2958.71, 6657051, 11
2319, 1832, 8, 10, 0, 0, 0.02%, 0, 0, 3, 2966.96, 6672289, 11
2324, 1836, 8, 10, 0, 0, 0.02%, 0, 0, 3, 2957.25, 6687460, 11
2330, 1841, 5, 10, 0, 0, 0.02%, 0, 0, 3, 2973.61, 6702577, 11
2335, 1845, 8, 10, 0, 0, 0.02%, 0, 0, 3, 2985.62, 6717841, 11
2340, 1849, 8, 10, 0, 0, 0.02%, 0, 0, 3, 3017.40, 6733313, 11
2345, 1854, 8, 10, 0, 0, 0.02%, 0, 0, 3, 2987.86, 6748445, 11
2350, 1858, 8, 10, 0, 0, 0.02%, 0, 0, 3, 2998.96, 6763917, 11
2355, 1862, 8, 10, 0, 0, 0.02%, 0, 0, 3, 2994.13, 6779204, 11
2360, 1866, 8, 10, 0, 0, 0.02%, 0, 0, 3, 2993.31, 6794590, 11
2365, 1871, 8, 10, 0, 0, 0.02%, 0, 0, 3, 3023.38, 6810085, 11
2370, 1875, 8, 10, 0, 0, 0.02%, 0, 0, 3, 3013.21, 6825551, 11
2376, 1879, 8, 10, 0, 0, 0.02%, 0, 0, 3, 2997.75, 6841004, 11
2381, 1883, 5, 10, 0, 0, 0.02%, 0, 0, 3, 2994.71, 6856374, 11
2386, 1888, 5, 10, 0, 0, 0.02%, 0, 0, 3, 2960.14, 6871492, 11
2391, 1892, 8, 10, 0, 0, 0.02%, 0, 0, 3, 2959.50, 6886497, 11
2396, 1896, 8, 10, 0, 0, 0.02%, 0, 0, 3, 2974.27, 6901639, 11
2401, 1901, 8, 10, 0, 0, 0.02%, 0, 0, 3, 2977.58, 6916865, 11
2406, 1905, 8, 10, 0, 0, 0.02%, 0, 0, 3, 2997.19, 6932167, 11
2411, 1909, 8, 10, 0, 0, 0.02%, 0, 0, 3, 3003.82, 6947583, 11
2416, 1913, 6, 10, 0, 0, 0.02%, 0, 0, 3, 2993.37, 6962784, 11
2422, 1918, 8, 10, 0, 0, 0.02%, 0, 0, 3, 3021.32, 6978421, 11
2427, 1922, 4, 10, 0, 0, 0.02%, 0, 0, 3, 3029.35, 6993942, 11
2432, 1926, 2, 10, 0, 0, 0.02%, 0, 0, 3, 3022.19, 7009442, 11
2437, 1930, 8, 10, 0, 0, 0.02%, 0, 0, 3, 2989.01, 7024959, 11
2442, 1934, 7, 10, 0, 0, 0.02%, 0, 0, 3, 2992.61, 7040240, 11
2447, 1939, 8, 10, 0, 0, 0.02%, 0, 0, 3, 2967.83, 7055535, 11
2452, 1943, 8, 10, 0, 0, 0.02%, 0, 0, 3, 2979.46, 7070711, 11
2458, 1947, 8, 10, 0, 0, 0.02%, 0, 0, 3, 2995.54, 7086041, 11
2463, 1951, 2, 10, 0, 0, 0.02%, 0, 0, 3, 2993.84, 7101366, 11
2468, 1955, 1, 10, 0, 0, 0.02%, 0, 0, 3, 2998.12, 7116739, 11
2473, 1960, 8, 10, 0, 0, 0.02%, 0, 0, 3, 3004.43, 7131964, 11
2478, 1964, 5, 10, 0, 0, 0.02%, 0, 0, 3, 2995.30, 7147244, 11
2483, 1968, 1, 10, 0, 0, 0.02%, 0, 0, 3, 3001.17, 7162641, 11
2488, 1972, 8, 10, 0, 0, 0.02%, 0, 0, 3, 3030.83, 7178334, 11
2493, 1976, 1, 10, 0, 0, 0.02%, 0, 0, 3, 2999.99, 7193561, 11
2498, 1981, 8, 10, 0, 0, 0.02%, 0, 0, 3, 3001.64, 7208905, 11
2504, 1985, 8, 10, 0, 0, 0.02%, 0, 0, 3, 2997.86, 7224305, 11
2509, 1989, 8, 10, 0, 0, 0.02%, 0, 0, 3, 2960.32, 7239425, 11
2514, 1993, 5, 10, 0, 0, 0.02%, 0, 0, 3, 2979.80, 7254737, 11
2519, 1998, 8, 10, 0, 0, 0.02%, 0, 0, 3, 2967.55, 7270073, 11
2524, 2002, 8, 10, 0, 0, 0.02%, 0, 0, 3, 2962.27, 7285433, 11
2529, 2006, 8, 10, 0, 0, 0.02%, 0, 0, 3, 3009.46, 7300833, 11
2534, 2010, 8, 10, 0, 0, 0.02%, 0, 0, 3, 3003.41, 7316395, 11
2540, 2014, 8, 10, 0, 0, 0.02%, 0, 0, 3, 2981.73, 7331672, 11
2545, 2018, 1, 10, 0, 0, 0.02%, 0, 0, 3, 2984.34, 7346902, 11
2550, 2022, 8, 10, 0, 0, 0.02%, 0, 0, 3, 2991.11, 7362408, 11
2555, 2027, 5, 10, 0, 0, 0.02%, 0, 0, 3, 3008.30, 7377928, 11
2560, 2031, 8, 10, 0, 0, 0.02%, 0, 0, 3, 3017.85, 7393248, 11
2565, 2035, 5, 10, 0, 0, 0.02%, 0, 0, 3, 2990.15, 7408610, 11
2570, 2039, 8, 10, 0, 0, 0.02%, 0, 0, 3, 2966.25, 7423885, 11
2575, 2044, 8, 10, 0, 0, 0.02%, 0, 0, 3, 2973.62, 7439314, 11
2581, 2048, 4, 10, 0, 0, 0.02%, 0, 0, 3, 2990.21, 7454691, 11
2586, 2052, 8, 10, 0, 0, 0.02%, 0, 0, 3, 2980.70, 7469995, 11
2591, 2056, 1, 10, 0, 0, 0.02%, 0, 0, 3, 2998.27, 7485480, 11
2596, 2060, 5, 10, 0, 0, 0.02%, 0, 0, 3, 3003.73, 7500733, 11
2601, 2065, 8, 10, 0, 0, 0.02%, 0, 0, 3, 3013.52, 7516125, 11
2606, 2069, 8, 10, 0, 0, 0.02%, 0, 0, 3, 2963.72, 7531328, 11
2611, 2073, 8, 10, 0, 0, 0.02%, 0, 0, 3, 2965.86, 7546561, 11
2616, 2078, 8, 10, 0, 0, 0.02%, 0, 0, 3, 3018.80, 7561982, 11
2622, 2082, 8, 10, 0, 0, 0.02%, 0, 0, 3, 3016.25, 7577400, 11
2627, 2086, 8, 10, 0, 0, 0.02%, 0, 0, 3, 3012.32, 7592749, 11
2632, 2090, 5, 10, 0, 0, 0.02%, 0, 0, 3, 2987.66, 7608158, 11
2637, 2094, 5, 10, 0, 0, 0.02%, 0, 0, 3, 2987.55, 7623431, 11
2642, 2099, 8, 10, 0, 0, 0.02%, 0, 0, 3, 2971.61, 7638761, 11
2647, 2103, 3, 10, 0, 0, 0.02%, 0, 0, 3, 2987.02, 7654163, 11
2652, 2108, 5, 10, 0, 0, 0.02%, 0, 0, 3, 2997.86, 7669439, 11
2657, 2112, 1, 10, 0, 0, 0.02%, 0, 0, 3, 3007.08, 7684790, 11
2663, 2116, 9, 10, 0, 0, 0.02%, 0, 0, 3, 3009.72, 7700090, 11
2668, 2120, 5, 10, 0, 0, 0.02%, 0, 0, 3, 3015.94, 7715176, 11
2673, 2125, 5, 10, 0, 0, 0.02%, 0, 0, 3, 3002.91, 7730545, 11
2678, 2129, 8, 10, 0, 0, 0.02%, 0, 0, 3, 3004.52, 7746035, 11
2683, 2133, 8, 10, 0, 0, 0.02%, 0, 0, 3, 3006.79, 7761541, 11
2688, 2137, 8, 10, 0, 0, 0.02%, 0, 0, 3, 2966.97, 7776777, 11
2693, 2141, 6, 10, 0, 0, 0.02%, 0, 0, 3, 2958.94, 7791901, 11
2698, 2145, 8, 10, 0, 0, 0.02%, 0, 0, 3, 2985.28, 7807230, 11
2704, 2150, 5, 10, 0, 0, 0.02%, 0, 0, 3, 3020.64, 7822822, 11
2709, 2154, 8, 10, 0, 0, 0.02%, 0, 0, 3, 2992.96, 7838192, 11
2714, 2158, 1, 10, 0, 0, 0.02%, 0, 0, 3, 2974.43, 7853374, 11
2719, 2163, 8, 10, 0, 0, 0.02%, 0, 0, 3, 3001.09, 7868862, 11
2724, 2167, 8, 10, 0, 0, 0.02%, 0, 0, 3, 2988.02, 7884154, 11
2729, 2171, 8, 10, 0, 0, 0.02%, 0, 0, 3, 3025.08, 7899581, 11
2734, 2175, 8, 10, 0, 0, 0.02%, 0, 0, 3, 3004.33, 7914971, 11
2739, 2179, 6, 10, 0, 0, 0.02%, 0, 0, 3, 2981.81, 7930275, 11
2745, 2184, 5, 10, 0, 0, 0.02%, 0, 0, 3, 3002.10, 7945658, 11
2750, 2188, 8, 10, 0, 0, 0.02%, 0, 0, 3, 2993.39, 7961180, 11
2755, 2192, 5, 10, 0, 0, 0.02%, 0, 0, 3, 3001.02, 7976416, 11
2760, 2197, 8, 10, 0, 0, 0.02%, 0, 0, 3, 3001.17, 7991785, 11
2765, 2201, 8, 10, 0, 0, 0.02%, 0, 0, 3, 2988.04, 8007264, 11
2770, 2205, 1, 10, 0, 0, 0.02%, 0, 0, 3, 3034.97, 8022781, 11
2775, 2209, 8, 10, 0, 0, 0.02%, 0, 0, 3, 3004.52, 8038034, 11
2780, 2213, 5, 10, 0, 0, 0.02%, 0, 0, 3, 3011.74, 8053568, 11
2786, 2217, 8, 10, 0, 0, 0.02%, 0, 0, 3, 3019.05, 8068995, 11
2791, 2222, 8, 10, 0, 0, 0.02%, 0, 0, 3, 3023.66, 8084456, 11
2796, 2226, 8, 10, 0, 0, 0.02%, 0, 0, 3, 3017.41, 8099783, 11
2801, 2230, 5, 10, 0, 0, 0.02%, 0, 0, 3, 3000.89, 8115009, 11
2806, 2235, 1, 10, 0, 0, 0.02%, 0, 0, 3, 3025.67, 8130389, 11
2811, 2239, 8, 10, 0, 0, 0.02%, 0, 0, 3, 2970.44, 8145643, 11
2816, 2243, 1, 10, 0, 0, 0.02%, 0, 0, 3, 2991.91, 8161088, 11
2821, 2247, 8, 10, 0, 0, 0.02%, 0, 0, 3, 3003.15, 8176508, 11
2826, 2251, 8, 10, 0, 0, 0.02%, 0, 0, 3, 3011.99, 8191766, 11
2832, 2256, 1, 10, 0, 0, 0.02%, 0, 0, 3, 3012.05, 8207227, 11
9419, 2256, 8, 10, 0, 0, 0.02%, 0, 0, 3, 0.01, 8210242, 11
9424, 2259, 8, 10, 0, 0, 0.02%, 0, 0, 3, 1729.66, 8220390, 11
9429, 2261, 8, 10, 0, 0, 0.02%, 0, 0, 3, 1701.23, 8228729, 11
9435, 2265, 8, 10, 0, 0, 0.02%, 0, 0, 3, 2460.33, 8241725, 11
9435, 2266, 8, 10, 0, 0, 0.02%, 0, 0, 3, 2555.62, 8244478, 11
