# relative_time, cycles_done, cur_item, corpus_count, pending_total, pending_favs, map_size, saved_crashes, saved_hangs, max_depth, execs_per_sec, total_execs, edges_found
61, 11, 8, 10, 0, 0, 0.02%, 0, 0, 3, 1153.46, 71006, 11
66, 13, 5, 10, 0, 0, 0.02%, 0, 0, 3, 1189.33, 77225, 11
71, 15, 5, 10, 0, 0, 0.02%, 0, 0, 3, 1180.80, 83356, 11
77, 16, 8, 10, 0, 0, 0.02%, 0, 0, 3, 1116.05, 89218, 11
82, 18, 8, 10, 0, 0, 0.02%, 0, 0, 3, 1091.72, 94966, 11
87, 20, 2, 10, 0, 0, 0.02%, 0, 0, 3, 1191.86, 101133, 11
92, 21, 5, 10, 0, 0, 0.02%, 0, 0, 3, 1200.87, 107338, 11
97, 23, 8, 10, 0, 0, 0.02%, 0, 0, 3, 1174.31, 113349, 11
102, 25, 8, 10, 0, 0, 0.02%, 0, 0, 3, 1192.34, 119487, 11
108, 26, 8, 10, 0, 0, 0.02%, 0, 0, 3, 1211.90, 125715, 11
113, 28, 1, 10, 0, 0, 0.02%, 0, 0, 3, 1165.36, 131580, 11
118, 30, 5, 10, 0, 0, 0.02%, 0, 0, 3, 1217.07, 137843, 11
123, 31, 8, 10, 0, 0, 0.02%, 0, 0, 3, 1224.46, 144163, 11
128, 33, 8, 10, 0, 0, 0.02%, 0, 0, 3, 1202.87, 150400, 11
133, 35, 8, 10, 0, 0, 0.02%, 0, 0, 3, 1179.43, 156529, 11
138, 36, 8, 10, 0, 0, 0.02%, 0, 0, 3, 1138.52, 162425, 11
143, 38, 8, 10, 0, 0, 0.02%, 0, 0, 3, 1202.67, 168535, 11
149, 39, 8, 10, 0, 0, 0.02%, 0, 0, 3, 1215.05, 174807, 11
154, 41, 8, 10, 0, 0, 0.02%, 0, 0, 3, 1109.62, 180360, 11
159, 43, 8, 10, 0, 0, 0.02%, 0, 0, 3, 1171.38, 186506, 11
164, 44, 8, 10, 0, 0, 0.02%, 0, 0, 3, 1146.24, 192587, 11
169, 46, 1, 10, 0, 0, 0.02%, 0, 0, 3, 1217.96, 198678, 11
174, 47, 8, 10, 0, 0, 0.02%, 0, 0, 3, 1247.10, 205077, 11
179, 49, 8, 10, 0, 0, 0.02%, 0, 0, 3, 1218.66, 211353, 11
185, 51, 8, 10, 0, 0, 0.02%, 0, 0, 3, 1132.25, 217232, 11
190, 52, 8, 10, 0, 0, 0.02%, 0, 0, 3, 1217.24, 223523, 11
195, 54, 8, 10, 0, 0, 0.02%, 0, 0, 3, 1224.27, 229389, 11
