# relative_time, cycles_done, cur_item, corpus_count, pending_total, pending_favs, map_size, saved_crashes, saved_hangs, max_depth, execs_per_sec, total_execs, edges_found
61, 0, 0, 27, 26, 1, 0.08%, 4, 0, 2, 439.52, 26388, 51
66, 0, 0, 27, 26, 1, 0.08%, 4, 0, 2, 452.92, 28644, 51
71, 0, 0, 27, 26, 1, 0.08%, 4, 0, 2, 416.57, 30740, 51
76, 0, 0, 27, 26, 1, 0.08%, 4, 0, 2, 440.87, 33100, 51
81, 0, 0, 27, 26, 1, 0.08%, 4, 0, 2, 391.14, 34963, 51
86, 0, 0, 27, 26, 1, 0.08%, 4, 0, 2, 417.89, 37124, 51
91, 0, 0, 27, 26, 1, 0.08%, 4, 0, 2, 410.74, 39156, 51
97, 0, 0, 27, 26, 1, 0.08%, 4, 0, 2, 422.38, 41428, 51
102, 0, 0, 27, 26, 1, 0.08%, 4, 0, 2, 409.15, 43580, 51
107, 0, 0, 27, 26, 1, 0.08%, 4, 0, 2, 443.95, 45852, 51
112, 0, 0, 27, 26, 1, 0.08%, 4, 0, 2, 414.37, 48020, 51
117, 0, 0, 27, 26, 1, 0.08%, 4, 0, 2, 454.29, 50380, 51
122, 0, 0, 27, 26, 1, 0.08%, 4, 0, 2, 430.54, 52444, 51
127, 0, 0, 27, 26, 1, 0.08%, 4, 0, 2, 396.53, 54423, 51
132, 0, 0, 27, 26, 1, 0.08%, 4, 0, 2, 397.70, 56484, 51
138, 0, 0, 27, 26, 1, 0.08%, 4, 0, 2, 402.87, 58612, 51
143, 0, 0, 27, 26, 1, 0.08%, 4, 0, 2, 407.19, 60740, 51
148, 0, 0, 27, 26, 1, 0.08%, 4, 0, 2, 420.96, 62900, 51
153, 0, 0, 27, 26, 1, 0.08%, 4, 0, 2, 437.72, 65204, 51
158, 0, 0, 27, 26, 1, 0.08%, 4, 0, 2, 404.74, 67254, 51
163, 0, 0, 27, 26, 1, 0.08%, 4, 0, 2, 407.92, 69420, 51
168, 0, 0, 27, 26, 1, 0.08%, 4, 0, 2, 451.81, 71732, 51
174, 0, 0, 27, 26, 1, 0.08%, 4, 0, 2, 413.03, 73780, 51
179, 0, 0, 27, 26, 1, 0.08%, 4, 0, 2, 413.92, 75868, 51
184, 0, 0, 27, 26, 1, 0.08%, 4, 0, 2, 445.47, 78100, 51
189, 0, 0, 27, 26, 1, 0.08%, 4, 0, 2, 405.74, 80156, 51
194, 0, 0, 27, 26, 1, 0.08%, 4, 0, 2, 447.54, 82636, 51
199, 0, 0, 27, 26, 1, 0.08%, 4, 0, 2, 438.20, 84740, 51
204, 0, 0, 27, 26, 1, 0.08%, 4, 0, 2, 435.62, 86908, 51
209, 0, 0, 27, 26, 1, 0.08%, 4, 0, 2, 431.93, 89060, 51
215, 0, 0, 27, 26, 1, 0.08%, 4, 0, 2, 403.85, 91108, 51
220, 0, 0, 27, 26, 1, 0.08%, 4, 0, 2, 391.31, 93098, 51
225, 0, 0, 27, 26, 1, 0.08%, 4, 0, 2, 411.26, 95204, 51
230, 0, 0, 27, 26, 1, 0.08%, 4, 0, 2, 401.94, 97420, 51
235, 0, 0, 27, 26, 1, 0.08%, 4, 0, 2, 439.28, 99740, 51
241, 0, 0, 27, 26, 1, 0.08%, 4, 0, 2, 451.09, 102076, 51
246, 0, 0, 28, 27, 1, 0.08%, 4, 0, 2, 406.00, 104035, 52
251, 0, 0, 28, 27, 1, 0.08%, 4, 0, 2, 404.93, 106131, 52
256, 0, 0, 28, 27, 1, 0.08%, 4, 0, 2, 423.13, 108371, 52
261, 0, 0, 28, 27, 1, 0.08%, 4, 0, 2, 387.33, 110339, 52
266, 0, 0, 28, 27, 1, 0.08%, 4, 0, 2, 430.85, 112579, 52
271, 0, 0, 28, 27, 1, 0.08%, 4, 0, 2, 414.07, 114619, 52
276, 0, 0, 28, 27, 1, 0.08%, 4, 0, 2, 428.02, 116883, 52
282, 0, 0, 28, 27, 1, 0.08%, 4, 0, 2, 433.98, 119115, 52
287, 0, 0, 28, 27, 1, 0.08%, 4, 0, 2, 422.07, 121219, 52
292, 0, 0, 28, 27, 1, 0.08%, 4, 0, 2, 397.54, 123177, 52
297, 0, 0, 28, 27, 1, 0.08%, 4, 0, 2, 389.89, 125221, 52
302, 0, 0, 28, 27, 1, 0.08%, 4, 0, 2, 385.15, 127160, 52
307, 0, 0, 28, 27, 1, 0.08%, 4, 0, 2, 412.10, 129275, 52
312, 0, 0, 28, 27, 1, 0.08%, 4, 0, 2, 412.72, 131347, 52
317, 0, 0, 28, 27, 1, 0.08%, 4, 0, 2, 408.39, 133507, 52
323, 0, 0, 28, 27, 1, 0.08%, 4, 0, 2, 410.67, 135659, 52
328, 0, 0, 28, 27, 1, 0.08%, 4, 0, 2, 443.74, 137987, 52
333, 0, 0, 28, 27, 1, 0.08%, 4, 0, 2, 430.27, 140171, 52
338, 0, 0, 28, 27, 1, 0.08%, 4, 0, 2, 438.39, 142419, 52
343, 0, 0, 28, 27, 1, 0.08%, 4, 0, 2, 423.26, 144523, 52
348, 0, 0, 28, 27, 1, 0.08%, 4, 0, 2, 419.83, 146643, 52
353, 0, 0, 28, 27, 1, 0.08%, 4, 0, 2, 426.08, 148915, 52
359, 0, 0, 28, 27, 1, 0.08%, 4, 0, 2, 426.27, 151115, 52
364, 0, 0, 28, 27, 1, 0.08%, 4, 0, 2, 418.86, 153259, 52
369, 0, 0, 28, 27, 1, 0.08%, 4, 0, 2, 412.08, 155347, 52
374, 0, 0, 28, 27, 1, 0.08%, 4, 0, 2, 401.28, 157331, 52
379, 0, 0, 28, 27, 1, 0.08%, 4, 0, 2, 414.77, 159411, 52
384, 0, 0, 28, 27, 1, 0.08%, 4, 0, 2, 406.72, 161475, 52
389, 0, 0, 28, 27, 1, 0.08%, 4, 0, 2, 426.25, 163763, 52
395, 0, 0, 28, 27, 1, 0.08%, 4, 0, 2, 430.12, 166099, 52
400, 0, 0, 28, 27, 1, 0.08%, 4, 0, 2, 439.09, 168387, 52
405, 0, 0, 28, 27, 1, 0.08%, 4, 0, 2, 395.33, 170395, 52
410, 0, 0, 28, 27, 1, 0.08%, 4, 0, 2, 395.35, 172527, 52
415, 0, 0, 28, 27, 1, 0.08%, 4, 0, 2, 410.06, 174643, 52
420, 0, 0, 28, 27, 1, 0.08%, 4, 0, 2, 427.77, 176827, 52
425, 0, 0, 28, 27, 1, 0.08%, 4, 0, 2, 432.19, 179075, 52
430, 0, 0, 28, 27, 1, 0.08%, 4, 0, 2, 403.80, 181130, 52
435, 0, 0, 28, 27, 1, 0.08%, 4, 0, 2, 380.89, 183062, 52
440, 0, 0, 28, 27, 1, 0.08%, 4, 0, 2, 418.27, 185187, 52
445, 0, 0, 28, 27, 1, 0.08%, 4, 0, 2, 389.30, 187136, 52
451, 0, 0, 28, 27, 1, 0.08%, 4, 0, 2, 400.04, 189179, 52
456, 0, 0, 28, 27, 1, 0.08%, 4, 0, 2, 460.58, 191583, 52
461, 0, 0, 28, 27, 1, 0.08%, 4, 0, 2, 420.30, 193699, 52
466, 0, 0, 28, 27, 1, 0.08%, 4, 0, 2, 435.79, 195859, 52
471, 0, 0, 28, 27, 1, 0.08%, 4, 0, 2, 444.83, 198035, 52
476, 0, 0, 28, 27, 1, 0.08%, 4, 0, 2, 420.02, 200003, 52
481, 0, 0, 28, 27, 1, 0.08%, 4, 0, 2, 410.19, 202187, 52
486, 0, 0, 28, 27, 1, 0.08%, 4, 0, 2, 396.71, 204223, 52
491, 0, 0, 28, 27, 1, 0.08%, 4, 0, 2, 391.45, 206267, 52
497, 0, 0, 28, 27, 1, 0.08%, 4, 0, 2, 430.52, 208523, 52
502, 0, 0, 28, 27, 1, 0.08%, 4, 0, 2, 411.69, 210579, 52
507, 0, 0, 28, 27, 1, 0.08%, 4, 0, 2, 411.74, 212635, 52
512, 0, 0, 28, 27, 1, 0.08%, 4, 0, 2, 428.05, 214795, 52
517, 0, 0, 28, 27, 1, 0.08%, 4, 0, 2, 421.76, 216875, 52
522, 0, 0, 28, 27, 1, 0.08%, 4, 0, 2, 440.65, 219155, 52
527, 0, 0, 28, 27, 1, 0.08%, 4, 0, 2, 423.99, 221243, 52
532, 0, 0, 28, 27, 1, 0.08%, 4, 0, 2, 390.13, 223270, 52
537, 0, 0, 28, 27, 1, 0.08%, 4, 0, 2, 401.77, 225355, 52
542, 0, 0, 28, 27, 1, 0.08%, 4, 0, 2, 391.41, 227484, 52
548, 0, 0, 28, 27, 1, 0.08%, 4, 0, 2, 417.53, 229675, 52
553, 0, 0, 28, 27, 1, 0.08%, 4, 0, 2, 424.85, 231851, 52
558, 0, 0, 28, 27, 1, 0.08%, 4, 0, 2, 420.70, 234083, 52
563, 0, 0, 28, 27, 1, 0.08%, 4, 0, 2, 423.93, 236299, 52
568, 0, 0, 28, 27, 1, 0.08%, 4, 0, 2, 441.19, 238473, 52
573, 0, 0, 28, 27, 1, 0.08%, 4, 0, 2, 400.24, 240443, 52
578, 0, 0, 28, 27, 1, 0.08%, 4, 0, 2, 431.49, 242723, 52
583, 0, 0, 28, 27, 1, 0.08%, 4, 0, 2, 450.80, 245070, 52
589, 0, 0, 28, 27, 1, 0.08%, 4, 0, 2, 441.15, 247323, 52
594, 0, 0, 28, 27, 1, 0.08%, 4, 0, 2, 418.27, 249483, 52
599, 0, 0, 28, 27, 1, 0.08%, 4, 0, 2, 425.76, 251643, 52
604, 0, 0, 28, 27, 1, 0.08%, 4, 0, 2, 445.79, 253998, 52
609, 0, 0, 28, 27, 1, 0.08%, 4, 0, 2, 405.99, 255955, 52
614, 0, 0, 28, 27, 1, 0.08%, 4, 0, 2, 434.07, 258179, 52
619, 0, 0, 28, 27, 1, 0.08%, 4, 0, 2, 431.16, 260323, 52
624, 0, 0, 28, 27, 1, 0.08%, 4, 0, 2, 421.11, 262443, 52
630, 0, 0, 28, 27, 1, 0.08%, 4, 0, 2, 455.82, 264723, 52
635, 0, 0, 28, 27, 1, 0.08%, 4, 0, 2, 438.66, 266985, 52
640, 0, 0, 28, 27, 1, 0.08%, 4, 0, 2, 414.50, 269019, 52
645, 0, 0, 28, 27, 1, 0.08%, 4, 0, 2, 373.56, 270807, 52
650, 0, 0, 28, 27, 1, 0.08%, 4, 0, 2, 414.14, 272971, 52
655, 0, 0, 28, 27, 1, 0.08%, 4, 0, 2, 405.74, 275003, 52
660, 0, 0, 28, 27, 1, 0.08%, 4, 0, 2, 422.47, 277123, 52
665, 0, 0, 28, 27, 1, 0.08%, 4, 0, 2, 408.94, 279147, 52
670, 0, 0, 28, 27, 1, 0.08%, 4, 0, 2, 428.67, 281379, 52
676, 0, 0, 28, 27, 1, 0.08%, 4, 0, 2, 398.09, 283435, 52
681, 0, 0, 28, 27, 1, 0.08%, 4, 0, 2, 395.76, 285437, 52
686, 0, 0, 28, 27, 1, 0.08%, 4, 0, 2, 433.53, 287619, 52
691, 0, 0, 28, 27, 1, 0.08%, 4, 0, 2, 445.87, 289827, 52
696, 0, 0, 28, 27, 1, 0.08%, 4, 0, 2, 453.93, 292212, 52
701, 0, 0, 28, 27, 1, 0.08%, 4, 0, 2, 443.06, 294379, 52
706, 0, 0, 28, 27, 1, 0.08%, 4, 0, 2, 411.60, 296451, 52
711, 0, 0, 28, 27, 1, 0.08%, 4, 0, 2, 390.00, 298324, 52
716, 0, 0, 28, 27, 1, 0.08%, 4, 0, 2, 377.90, 300298, 52
721, 0, 0, 28, 27, 1, 0.08%, 4, 0, 2, 404.51, 302403, 52
726, 0, 0, 28, 27, 1, 0.08%, 4, 0, 2, 449.99, 304707, 52
731, 0, 0, 28, 27, 1, 0.08%, 4, 0, 2, 447.99, 306995, 52
737, 0, 0, 28, 27, 1, 0.08%, 4, 0, 2, 393.29, 308971, 52
742, 0, 0, 28, 27, 1, 0.08%, 4, 0, 2, 414.22, 311163, 52
747, 0, 0, 28, 27, 1, 0.08%, 4, 0, 2, 418.57, 313291, 52
752, 0, 0, 28, 27, 1, 0.08%, 4, 0, 2, 417.31, 315427, 52
757, 0, 0, 28, 27, 1, 0.08%, 4, 0, 2, 433.54, 317619, 52
762, 0, 0, 28, 27, 1, 0.08%, 4, 0, 2, 426.85, 319795, 52
768, 0, 0, 28, 27, 1, 0.08%, 4, 0, 2, 392.56, 321802, 52
773, 0, 0, 28, 27, 1, 0.08%, 4, 0, 2, 404.98, 323907, 52
778, 0, 0, 28, 27, 1, 0.08%, 4, 0, 2, 420.08, 326051, 52
783, 0, 0, 28, 27, 1, 0.08%, 4, 0, 2, 464.76, 328482, 52
788, 0, 0, 28, 27, 1, 0.08%, 4, 0, 2, 421.94, 330675, 52
793, 0, 0, 28, 27, 1, 0.08%, 4, 0, 2, 395.91, 332624, 52
799, 0, 0, 28, 27, 1, 0.08%, 4, 0, 2, 435.85, 334963, 52
804, 0, 0, 28, 27, 1, 0.08%, 4, 0, 2, 421.87, 337131, 52
809, 0, 0, 28, 27, 1, 0.08%, 4, 0, 2, 385.22, 338994, 52
814, 0, 0, 28, 27, 1, 0.08%, 4, 0, 2, 409.25, 341083, 52
819, 0, 0, 28, 27, 1, 0.08%, 4, 0, 2, 410.86, 343208, 52
824, 0, 0, 28, 27, 1, 0.08%, 4, 0, 2, 398.69, 345196, 52
829, 0, 0, 28, 27, 1, 0.08%, 4, 0, 2, 414.62, 347323, 52
834, 0, 0, 28, 27, 1, 0.08%, 4, 0, 2, 425.20, 349483, 52
839, 0, 0, 28, 27, 1, 0.08%, 4, 0, 2, 433.45, 351787, 52
845, 0, 0, 28, 27, 1, 0.08%, 4, 0, 2, 460.15, 354186, 52
850, 0, 0, 28, 27, 1, 0.08%, 4, 0, 2, 413.46, 356235, 52
855, 0, 0, 28, 27, 1, 0.08%, 4, 0, 2, 420.34, 358355, 52
860, 0, 0, 28, 27, 1, 0.08%, 4, 0, 2, 449.24, 360693, 52
865, 0, 0, 28, 27, 1, 0.08%, 4, 0, 2, 413.66, 362795, 52
870, 0, 0, 28, 27, 1, 0.08%, 4, 0, 2, 424.07, 364979, 52
876, 0, 0, 28, 27, 1, 0.08%, 4, 0, 2, 419.66, 367203, 52
881, 0, 0, 28, 27, 1, 0.08%, 4, 0, 2, 455.83, 369468, 52
886, 0, 0, 28, 27, 1, 0.08%, 4, 0, 2, 404.71, 371451, 52
891, 0, 0, 28, 27, 1, 0.08%, 4, 0, 2, 430.17, 373739, 52
896, 0, 0, 28, 27, 1, 0.08%, 4, 0, 2, 417.82, 375979, 52
901, 0, 0, 28, 27, 1, 0.08%, 4, 0, 2, 386.35, 377886, 52
906, 0, 0, 28, 27, 1, 0.08%, 4, 0, 2, 400.99, 379923, 52
911, 0, 0, 28, 27, 1, 0.08%, 4, 0, 2, 412.05, 382083, 52
916, 0, 0, 28, 27, 1, 0.08%, 4, 0, 2, 440.79, 384379, 52
922, 0, 0, 28, 27, 1, 0.08%, 4, 0, 2, 447.12, 386550, 52
927, 0, 0, 28, 27, 1, 0.08%, 4, 0, 2, 439.52, 388747, 52
932, 0, 0, 28, 27, 1, 0.08%, 4, 0, 2, 417.18, 390851, 52
937, 0, 0, 28, 27, 1, 0.08%, 4, 0, 2, 441.68, 393107, 52
942, 0, 0, 28, 27, 1, 0.08%, 4, 0, 2, 418.81, 395227, 52
947, 0, 0, 28, 27, 1, 0.08%, 4, 0, 2, 430.83, 397427, 52
953, 0, 0, 28, 27, 1, 0.08%, 4, 0, 2, 431.05, 399755, 52
958, 0, 0, 28, 27, 1, 0.08%, 4, 0, 2, 395.65, 401756, 52
963, 0, 0, 28, 27, 1, 0.08%, 4, 0, 2, 393.93, 403771, 52
968, 0, 0, 28, 27, 1, 0.08%, 4, 0, 2, 402.60, 405843, 52
973, 0, 0, 28, 27, 1, 0.08%, 4, 0, 2, 410.49, 407874, 52
978, 0, 0, 28, 27, 1, 0.08%, 4, 0, 2, 453.53, 410310, 52
983, 0, 0, 28, 27, 1, 0.08%, 4, 0, 2, 424.42, 412483, 52
989, 0, 0, 28, 27, 1, 0.08%, 4, 0, 2, 28.26, 414315, 52
994, 0, 0, 28, 27, 1, 0.08%, 4, 0, 2, 404.71, 416419, 52
1000, 0, 0, 28, 27, 1, 0.08%, 4, 0, 2, 435.63, 418571, 52
1005, 0, 0, 28, 27, 1, 0.08%, 4, 0, 2, 447.44, 420875, 52
1010, 0, 0, 28, 27, 1, 0.08%, 4, 0, 2, 436.43, 423123, 52
1015, 0, 0, 28, 27, 1, 0.08%, 4, 0, 2, 400.42, 425164, 52
1020, 0, 0, 28, 27, 1, 0.08%, 4, 0, 2, 428.48, 427395, 52
1025, 0, 0, 28, 27, 1, 0.08%, 4, 0, 2, 434.44, 429571, 52
1030, 0, 0, 28, 27, 1, 0.08%, 4, 0, 2, 437.96, 431763, 52
1036, 0, 0, 28, 27, 1, 0.08%, 4, 0, 2, 458.47, 434070, 52
1041, 0, 0, 28, 27, 1, 0.08%, 4, 0, 2, 418.58, 436091, 52
1046, 0, 0, 28, 27, 1, 0.08%, 4, 0, 2, 458.80, 438443, 52
1051, 0, 0, 28, 27, 1, 0.08%, 4, 0, 2, 396.31, 440403, 52
1056, 0, 0, 28, 27, 1, 0.08%, 4, 0, 2, 409.00, 442555, 52
1061, 0, 0, 28, 27, 1, 0.08%, 4, 0, 2, 414.44, 444787, 52
1066, 0, 0, 28, 27, 1, 0.08%, 4, 0, 2, 461.41, 447255, 52
1071, 0, 0, 28, 27, 1, 0.08%, 4, 0, 2, 402.18, 449243, 52
1077, 0, 0, 28, 27, 1, 0.08%, 4, 0, 2, 439.32, 451515, 52
1082, 0, 0, 28, 27, 1, 0.08%, 4, 0, 2, 418.12, 453587, 52
1087, 0, 0, 28, 27, 1, 0.08%, 4, 0, 2, 425.19, 455707, 52
1092, 0, 0, 28, 27, 1, 0.08%, 4, 0, 2, 438.88, 457835, 52
1097, 0, 0, 28, 27, 1, 0.08%, 4, 0, 2, 426.85, 459995, 52
1102, 0, 0, 28, 27, 1, 0.08%, 4, 0, 2, 408.70, 462003, 52
1107, 0, 0, 28, 27, 1, 0.08%, 4, 0, 2, 445.54, 464346, 52
1112, 0, 0, 28, 27, 1, 0.08%, 4, 0, 2, 438.23, 466587, 52
1117, 0, 0, 28, 27, 1, 0.08%, 4, 0, 2, 437.96, 468819, 52
1122, 0, 0, 28, 27, 1, 0.08%, 4, 0, 2, 434.90, 471123, 52
1128, 0, 0, 28, 27, 1, 0.08%, 4, 0, 2, 401.22, 473170, 52
1133, 0, 0, 28, 27, 1, 0.08%, 4, 0, 2, 441.54, 475571, 52
1138, 0, 0, 28, 27, 1, 0.08%, 4, 0, 2, 441.20, 477803, 52
1143, 0, 0, 28, 27, 1, 0.08%, 4, 0, 2, 395.34, 479819, 52
1148, 0, 0, 28, 27, 1, 0.08%, 4, 0, 2, 425.02, 481963, 52
1153, 0, 0, 28, 27, 1, 0.08%, 4, 0, 2, 439.74, 484219, 52
1159, 0, 0, 28, 27, 1, 0.08%, 4, 0, 2, 421.99, 486331, 52
1164, 0, 0, 28, 27, 1, 0.08%, 4, 0, 2, 407.69, 488323, 52
1169, 0, 0, 28, 27, 1, 0.08%, 4, 0, 2, 387.88, 490278, 52
1174, 0, 0, 28, 27, 1, 0.08%, 4, 0, 2, 436.22, 492571, 52
1179, 0, 0, 28, 27, 1, 0.08%, 4, 0, 2, 450.66, 494795, 52
1184, 0, 0, 28, 27, 1, 0.08%, 4, 0, 2, 452.72, 496971, 52
1189, 0, 0, 28, 27, 1, 0.08%, 4, 0, 2, 421.88, 499139, 52
1194, 0, 0, 28, 27, 1, 0.08%, 4, 0, 2, 437.51, 501331, 52
1199, 0, 0, 28, 27, 1, 0.08%, 4, 0, 2, 428.97, 503459, 52
1204, 0, 0, 28, 27, 1, 0.08%, 4, 0, 2, 389.30, 505412, 52
1209, 0, 0, 28, 27, 1, 0.08%, 4, 0, 2, 433.05, 507587, 52
1214, 0, 0, 28, 27, 1, 0.08%, 4, 0, 2, 424.99, 509739, 52
1219, 0, 0, 28, 27, 1, 0.08%, 4, 0, 2, 419.21, 511907, 52
1225, 0, 0, 28, 27, 1, 0.08%, 4, 0, 2, 433.14, 514155, 52
1230, 0, 0, 28, 27, 1, 0.08%, 4, 0, 2, 431.66, 516315, 52
1235, 0, 0, 28, 27, 1, 0.08%, 4, 0, 2, 419.83, 518451, 52
1240, 0, 0, 28, 27, 1, 0.08%, 4, 0, 2, 423.36, 520475, 52
1245, 0, 0, 28, 27, 1, 0.08%, 4, 0, 2, 382.70, 522450, 52
1250, 0, 0, 28, 27, 1, 0.08%, 4, 0, 2, 433.58, 524659, 52
1255, 0, 0, 28, 27, 1, 0.08%, 4, 0, 2, 419.23, 526675, 52
1260, 0, 0, 28, 27, 1, 0.08%, 4, 0, 2, 436.37, 528827, 52
1265, 0, 0, 28, 27, 1, 0.08%, 4, 0, 2, 440.94, 531067, 52
1270, 0, 0, 28, 27, 1, 0.08%, 4, 0, 2, 437.31, 533355, 52
1275, 0, 0, 28, 27, 1, 0.08%, 4, 0, 2, 429.09, 535547, 52
1280, 0, 0, 28, 27, 1, 0.08%, 4, 0, 2, 412.21, 537651, 52
1285, 0, 0, 28, 27, 1, 0.08%, 4, 0, 2, 423.37, 539875, 52
1291, 0, 0, 28, 27, 1, 0.08%, 4, 0, 2, 430.05, 542035, 52
1296, 0, 0, 28, 27, 1, 0.08%, 4, 0, 2, 447.01, 544347, 52
1301, 0, 0, 28, 27, 1, 0.08%, 4, 0, 2, 452.25, 546642, 52
1306, 0, 0, 28, 27, 1, 0.08%, 4, 0, 2, 411.09, 548611, 52
1311, 0, 0, 28, 27, 1, 0.08%, 4, 0, 2, 398.34, 550643, 52
1316, 0, 0, 28, 27, 1, 0.08%, 4, 0, 2, 410.50, 552755, 52
1321, 0, 0, 28, 27, 1, 0.08%, 4, 0, 2, 439.52, 555003, 52
1326, 0, 0, 28, 27, 1, 0.08%, 4, 0, 2, 429.31, 557203, 52
1331, 0, 0, 28, 27, 1, 0.08%, 4, 0, 2, 443.85, 559435, 52
1336, 0, 0, 28, 27, 1, 0.08%, 4, 0, 2, 439.21, 561715, 52
1342, 0, 0, 28, 27, 1, 0.08%, 4, 0, 2, 425.48, 563819, 52
1347, 0, 0, 28, 27, 1, 0.08%, 4, 0, 2, 395.02, 565731, 52
1352, 0, 0, 28, 27, 1, 0.08%, 4, 0, 2, 418.36, 567907, 52
1357, 0, 0, 28, 27, 1, 0.08%, 4, 0, 2, 400.35, 569861, 52
1362, 0, 0, 28, 27, 1, 0.08%, 4, 0, 2, 461.58, 572238, 52
1367, 0, 0, 28, 27, 1, 0.08%, 4, 0, 2, 445.59, 574497, 52
1372, 0, 0, 28, 27, 1, 0.08%, 4, 0, 2, 450.95, 576846, 52
1378, 0, 0, 28, 27, 1, 0.08%, 4, 0, 2, 475.46, 579276, 52
1383, 0, 0, 28, 27, 1, 0.08%, 4, 0, 2, 421.25, 581331, 52
1388, 0, 0, 28, 27, 1, 0.08%, 4, 0, 2, 407.12, 583395, 52
1393, 0, 0, 28, 27, 1, 0.08%, 4, 0, 2, 426.06, 585683, 52
1398, 0, 0, 28, 27, 1, 0.08%, 4, 0, 2, 428.55, 587811, 52
1403, 0, 0, 28, 27, 1, 0.08%, 4, 0, 2, 417.47, 589979, 52
1408, 0, 0, 28, 27, 1, 0.08%, 4, 0, 2, 412.84, 592019, 52
1413, 0, 0, 28, 27, 1, 0.08%, 4, 0, 2, 428.00, 594083, 52
1418, 0, 0, 28, 27, 1, 0.08%, 4, 0, 2, 446.12, 596412, 52
1423, 0, 0, 28, 27, 1, 0.08%, 4, 0, 2, 403.94, 598451, 52
1428, 0, 0, 28, 27, 1, 0.08%, 4, 0, 2, 408.56, 600539, 52
1433, 0, 0, 28, 27, 1, 0.08%, 4, 0, 2, 382.93, 602481, 52
1439, 0, 0, 28, 27, 1, 0.08%, 4, 0, 2, 400.18, 604497, 52
1444, 0, 0, 28, 27, 1, 0.08%, 4, 0, 2, 381.56, 606401, 52
1449, 0, 0, 28, 27, 1, 0.08%, 4, 0, 2, 401.28, 608480, 52
1454, 0, 0, 28, 27, 1, 0.08%, 4, 0, 2, 406.05, 610539, 52
1459, 0, 0, 28, 27, 1, 0.08%, 4, 0, 2, 443.82, 612819, 52
1464, 0, 0, 28, 27, 1, 0.08%, 4, 0, 2, 382.46, 614801, 52
1469, 0, 0, 28, 27, 1, 0.08%, 4, 0, 2, 387.04, 616845, 52
1474, 0, 0, 28, 27, 1, 0.08%, 4, 0, 2, 401.97, 618910, 52
1479, 0, 0, 28, 27, 1, 0.08%, 4, 0, 2, 422.02, 620995, 52
1485, 0, 0, 28, 27, 1, 0.08%, 4, 0, 2, 425.54, 623203, 52
1490, 0, 0, 28, 27, 1, 0.08%, 4, 0, 2, 415.95, 625267, 52
1495, 0, 0, 28, 27, 1, 0.08%, 4, 0, 2, 417.60, 627299, 52
1500, 0, 0, 28, 27, 1, 0.08%, 4, 0, 2, 429.10, 629531, 52
1505, 0, 0, 28, 27, 1, 0.08%, 4, 0, 2, 410.70, 631635, 52
1510, 0, 0, 28, 27, 1, 0.08%, 4, 0, 2, 405.08, 633701, 52
1515, 0, 0, 28, 27, 1, 0.08%, 4, 0, 2, 433.33, 635963, 52
1520, 0, 0, 28, 27, 1, 0.08%, 4, 0, 2, 466.61, 638397, 52
1525, 0, 0, 28, 27, 1, 0.08%, 4, 0, 2, 460.33, 640710, 52
1530, 0, 0, 28, 27, 1, 0.08%, 4, 0, 2, 408.43, 642731, 52
1536, 0, 0, 28, 27, 1, 0.08%, 4, 0, 2, 407.80, 644803, 52
1541, 0, 0, 28, 27, 1, 0.08%, 4, 0, 2, 419.37, 646955, 52
1546, 0, 0, 28, 27, 1, 0.08%, 4, 0, 2, 454.22, 649233, 52
1551, 0, 0, 28, 27, 1, 0.08%, 4, 0, 2, 407.33, 651219, 52
1556, 0, 0, 28, 27, 1, 0.08%, 4, 0, 2, 410.08, 653347, 52
1561, 0, 0, 28, 27, 1, 0.08%, 4, 0, 2, 434.80, 655555, 52
1566, 0, 0, 28, 27, 1, 0.08%, 4, 0, 2, 418.89, 657643, 52
1572, 0, 0, 28, 27, 1, 0.08%, 4, 0, 2, 449.47, 659915, 52
1577, 0, 0, 28, 27, 1, 0.08%, 4, 0, 2, 446.97, 662275, 52
1582, 0, 0, 28, 27, 1, 0.08%, 4, 0, 2, 447.03, 664699, 52
1587, 0, 0, 28, 27, 1, 0.08%, 4, 0, 2, 437.73, 666995, 52
1592, 0, 0, 28, 27, 1, 0.08%, 4, 0, 2, 425.13, 669115, 52
1597, 0, 0, 28, 27, 1, 0.08%, 4, 0, 2, 429.51, 671331, 52
1603, 0, 0, 28, 27, 1, 0.08%, 4, 0, 2, 427.24, 673595, 52
1608, 0, 0, 28, 27, 1, 0.08%, 4, 0, 2, 441.37, 675827, 52
1613, 0, 0, 28, 27, 1, 0.08%, 4, 0, 2, 406.76, 677827, 52
1618, 0, 0, 28, 27, 1, 0.08%, 4, 0, 2, 405.47, 679891, 52
1623, 0, 0, 28, 27, 1, 0.08%, 4, 0, 2, 416.72, 682059, 52
1628, 0, 0, 28, 27, 1, 0.08%, 4, 0, 2, 435.35, 684243, 52
1633, 0, 0, 28, 27, 1, 0.08%, 4, 0, 2, 412.80, 686339, 52
1638, 0, 0, 28, 27, 1, 0.08%, 4, 0, 2, 421.94, 688435, 52
1643, 0, 0, 28, 27, 1, 0.08%, 4, 0, 2, 442.58, 690619, 52
1649, 0, 0, 28, 27, 1, 0.08%, 4, 0, 2, 415.27, 692699, 52
1654, 0, 0, 28, 27, 1, 0.08%, 4, 0, 2, 406.15, 694867, 52
1659, 0, 0, 28, 27, 1, 0.08%, 4, 0, 2, 430.49, 696995, 52
1664, 0, 0, 28, 27, 1, 0.08%, 4, 0, 2, 413.31, 699083, 52
1669, 0, 0, 28, 27, 1, 0.08%, 4, 0, 2, 431.43, 701315, 52
1674, 0, 0, 28, 27, 1, 0.08%, 4, 0, 2, 442.44, 703611, 52
1679, 0, 0, 28, 27, 1, 0.08%, 4, 0, 2, 403.88, 705755, 52
1684, 0, 0, 28, 27, 1, 0.08%, 4, 0, 2, 429.75, 707939, 52
1690, 0, 0, 28, 27, 1, 0.08%, 4, 0, 2, 465.33, 710379, 52
1695, 0, 0, 28, 27, 1, 0.08%, 4, 0, 2, 418.24, 712379, 52
1700, 0, 0, 28, 27, 1, 0.08%, 4, 0, 2, 458.63, 714667, 52
1705, 0, 0, 28, 27, 1, 0.08%, 4, 0, 2, 445.91, 716883, 52
1710, 0, 0, 28, 27, 1, 0.08%, 4, 0, 2, 414.66, 719027, 52
1715, 0, 0, 28, 27, 1, 0.08%, 4, 0, 2, 439.01, 721259, 52
1720, 0, 0, 28, 27, 1, 0.08%, 4, 0, 2, 444.04, 723579, 52
1726, 0, 0, 28, 27, 1, 0.08%, 4, 0, 2, 387.66, 725506, 52
1731, 0, 0, 28, 27, 1, 0.08%, 4, 0, 2, 451.93, 727875, 52
1736, 0, 0, 28, 27, 1, 0.08%, 4, 0, 2, 473.19, 730215, 52
1741, 0, 0, 28, 27, 1, 0.08%, 4, 0, 2, 422.04, 732323, 52
1746, 0, 0, 28, 27, 1, 0.08%, 4, 0, 2, 436.36, 734555, 52
1751, 0, 0, 28, 27, 1, 0.08%, 4, 0, 2, 411.20, 736635, 52
1756, 0, 0, 28, 27, 1, 0.08%, 4, 0, 2, 407.76, 738691, 52
1761, 0, 0, 28, 27, 1, 0.08%, 4, 0, 2, 432.95, 740867, 52
1767, 0, 0, 28, 27, 1, 0.08%, 4, 0, 2, 413.33, 743043, 52
1772, 0, 0, 28, 27, 1, 0.08%, 4, 0, 2, 394.83, 745051, 52
1777, 0, 0, 28, 27, 1, 0.08%, 4, 0, 2, 407.95, 747259, 52
1782, 0, 0, 28, 27, 1, 0.08%, 4, 0, 2, 437.37, 749443, 52
1787, 0, 0, 28, 27, 1, 0.08%, 4, 0, 2, 428.20, 751619, 52
1792, 0, 0, 28, 27, 1, 0.08%, 4, 0, 2, 368.10, 753464, 52
1797, 0, 0, 28, 27, 1, 0.08%, 4, 0, 2, 405.98, 755501, 52
1802, 0, 0, 28, 27, 1, 0.08%, 4, 0, 2, 394.61, 757451, 52
1807, 0, 0, 28, 27, 1, 0.08%, 4, 0, 2, 429.65, 759763, 52
1812, 0, 0, 28, 27, 1, 0.08%, 4, 0, 2, 400.74, 761717, 52
1818, 0, 0, 28, 27, 1, 0.08%, 4, 0, 2, 419.82, 763875, 52
1823, 0, 0, 28, 27, 1, 0.08%, 4, 0, 2, 422.46, 766051, 52
1828, 0, 0, 28, 27, 1, 0.08%, 4, 0, 2, 405.87, 768155, 52
1833, 0, 0, 28, 27, 1, 0.08%, 4, 0, 2, 413.76, 770267, 52
1838, 0, 0, 28, 27, 1, 0.08%, 4, 0, 2, 412.42, 772323, 52
1843, 0, 0, 28, 27, 1, 0.08%, 4, 0, 2, 450.31, 774691, 52
1848, 0, 0, 28, 27, 1, 0.08%, 4, 0, 2, 430.67, 776843, 52
1853, 0, 0, 28, 27, 1, 0.08%, 4, 0, 2, 433.23, 779043, 52
1859, 0, 0, 28, 27, 1, 0.08%, 4, 0, 2, 431.20, 781299, 52
1864, 0, 0, 28, 27, 1, 0.08%, 4, 0, 2, 434.77, 783499, 52
1869, 0, 0, 28, 27, 1, 0.08%, 4, 0, 2, 434.52, 785723, 52
1874, 0, 0, 28, 27, 1, 0.08%, 4, 0, 2, 422.02, 787875, 52
1879, 0, 0, 28, 27, 1, 0.08%, 4, 0, 2, 370.60, 789731, 52
1884, 0, 0, 28, 27, 1, 0.08%, 4, 0, 2, 416.01, 791931, 52
1889, 0, 0, 28, 27, 1, 0.08%, 4, 0, 2, 415.74, 794083, 52
1894, 0, 0, 28, 27, 1, 0.08%, 4, 0, 2, 420.75, 796315, 52
1900, 0, 0, 28, 27, 1, 0.08%, 4, 0, 2, 414.42, 798347, 52
1905, 0, 0, 28, 27, 1, 0.08%, 4, 0, 2, 430.41, 800603, 52
1910, 0, 0, 28, 27, 1, 0.08%, 4, 0, 2, 458.81, 802881, 52
1915, 0, 0, 28, 27, 1, 0.08%, 4, 0, 2, 456.84, 805211, 52
1920, 0, 0, 28, 27, 1, 0.08%, 4, 0, 2, 420.56, 807291, 52
1925, 0, 0, 28, 27, 1, 0.08%, 4, 0, 2, 441.23, 809531, 52
1930, 0, 0, 28, 27, 1, 0.08%, 4, 0, 2, 430.26, 811731, 52
1935, 0, 0, 28, 27, 1, 0.08%, 4, 0, 2, 408.86, 813811, 52
1941, 0, 0, 28, 27, 1, 0.08%, 4, 0, 2, 479.00, 816300, 52
1946, 0, 0, 28, 27, 1, 0.08%, 4, 0, 2, 435.59, 818435, 52
1951, 0, 0, 28, 27, 1, 0.08%, 4, 0, 2, 453.53, 820707, 52
1956, 0, 0, 28, 27, 1, 0.08%, 4, 0, 2, 419.49, 822723, 52
1961, 0, 0, 28, 27, 1, 0.08%, 4, 0, 2, 385.93, 824752, 52
1966, 0, 0, 28, 27, 1, 0.08%, 4, 0, 2, 424.45, 826923, 52
1971, 0, 0, 28, 27, 1, 0.08%, 4, 0, 2, 452.39, 829314, 52
1976, 0, 0, 28, 27, 1, 0.08%, 4, 0, 2, 439.32, 831531, 52
1982, 0, 0, 28, 27, 1, 0.08%, 4, 0, 2, 414.97, 833659, 52
1987, 0, 0, 28, 27, 1, 0.08%, 4, 0, 2, 427.29, 835979, 52
1992, 0, 0, 28, 27, 1, 0.08%, 4, 0, 2, 464.53, 838314, 52
1997, 0, 0, 28, 27, 1, 0.08%, 4, 0, 2, 436.69, 840483, 52
2002, 0, 0, 28, 27, 1, 0.08%, 4, 0, 2, 397.37, 842434, 52
2007, 0, 0, 28, 27, 1, 0.08%, 4, 0, 2, 451.07, 844731, 52
2012, 0, 0, 28, 27, 1, 0.08%, 4, 0, 2, 374.06, 846557, 52
2017, 0, 0, 28, 27, 1, 0.08%, 4, 0, 2, 409.73, 848763, 52
2022, 0, 0, 28, 27, 1, 0.08%, 4, 0, 2, 425.70, 850891, 52
2028, 0, 0, 28, 27, 1, 0.08%, 4, 0, 2, 465.66, 853317, 52
2033, 0, 0, 28, 27, 1, 0.08%, 4, 0, 2, 408.76, 855403, 52
2038, 0, 0, 28, 27, 1, 0.08%, 4, 0, 2, 429.86, 857603, 52
2043, 0, 0, 28, 27, 1, 0.08%, 4, 0, 2, 450.74, 859803, 52
2048, 0, 0, 28, 27, 1, 0.08%, 4, 0, 2, 411.24, 861795, 52
2053, 0, 0, 28, 27, 1, 0.08%, 4, 0, 2, 373.25, 863644, 52
2058, 0, 0, 28, 27, 1, 0.08%, 4, 0, 2, 415.93, 865843, 52
2063, 0, 0, 28, 27, 1, 0.08%, 4, 0, 2, 416.95, 867947, 52
2068, 0, 0, 28, 27, 1, 0.08%, 4, 0, 2, 425.78, 870075, 52
2073, 0, 0, 28, 27, 1, 0.08%, 4, 0, 2, 405.31, 872131, 52
2079, 0, 0, 28, 27, 1, 0.08%, 4, 0, 2, 449.27, 874476, 52
2084, 0, 0, 28, 27, 1, 0.08%, 4, 0, 2, 431.46, 876731, 52
2089, 0, 0, 28, 27, 1, 0.08%, 4, 0, 2, 433.27, 878883, 52
2094, 0, 0, 28, 27, 1, 0.08%, 4, 0, 2, 425.04, 881035, 52
2099, 0, 0, 28, 27, 1, 0.08%, 4, 0, 2, 413.23, 883115, 52
2104, 0, 0, 28, 27, 1, 0.08%, 4, 0, 2, 395.15, 885120, 52
2109, 0, 0, 28, 27, 1, 0.08%, 4, 0, 2, 421.99, 887275, 52
2114, 0, 0, 28, 27, 1, 0.08%, 4, 0, 2, 422.15, 889467, 52
2119, 0, 0, 28, 27, 1, 0.08%, 4, 0, 2, 436.94, 891755, 52
2125, 0, 0, 28, 27, 1, 0.08%, 4, 0, 2, 412.39, 893891, 52
2130, 0, 0, 28, 27, 1, 0.08%, 4, 0, 2, 425.81, 896035, 52
2135, 0, 0, 28, 27, 1, 0.08%, 4, 0, 2, 435.98, 898259, 52
2140, 0, 0, 28, 27, 1, 0.08%, 4, 0, 2, 410.35, 900315, 52
2145, 0, 0, 28, 27, 1, 0.08%, 4, 0, 2, 404.57, 902319, 52
2150, 0, 0, 28, 27, 1, 0.08%, 4, 0, 2, 403.51, 904347, 52
2155, 0, 0, 28, 27, 1, 0.08%, 4, 0, 2, 434.57, 906619, 52
2161, 0, 0, 28, 27, 1, 0.08%, 4, 0, 2, 418.71, 908739, 52
2166, 0, 0, 28, 27, 1, 0.08%, 4, 0, 2, 463.73, 911169, 52
2171, 0, 0, 28, 27, 1, 0.08%, 4, 0, 2, 426.92, 913331, 52
2176, 0, 0, 28, 27, 1, 0.08%, 4, 0, 2, 420.52, 915555, 52
2181, 0, 0, 28, 27, 1, 0.08%, 4, 0, 2, 405.51, 917587, 52
2186, 0, 0, 28, 27, 1, 0.08%, 4, 0, 2, 439.53, 919731, 52
2191, 0, 0, 28, 27, 1, 0.08%, 4, 0, 2, 441.62, 921979, 52
2196, 0, 0, 28, 27, 1, 0.08%, 4, 0, 2, 454.32, 924187, 52
2202, 0, 0, 28, 27, 1, 0.08%, 4, 0, 2, 465.85, 926586, 52
2207, 0, 0, 28, 27, 1, 0.08%, 4, 0, 2, 416.06, 928595, 52
2212, 0, 0, 28, 27, 1, 0.08%, 4, 0, 2, 412.10, 930659, 52
2217, 0, 0, 28, 27, 1, 0.08%, 4, 0, 2, 422.74, 932747, 52
2222, 0, 0, 28, 27, 1, 0.08%, 4, 0, 2, 440.56, 935067, 52
2227, 0, 0, 28, 27, 1, 0.08%, 4, 0, 2, 431.58, 937163, 52
2232, 0, 0, 28, 27, 1, 0.08%, 4, 0, 2, 412.15, 939235, 52
2237, 0, 0, 28, 27, 1, 0.08%, 4, 0, 2, 418.17, 941347, 52
2242, 0, 0, 28, 27, 1, 0.08%, 4, 0, 2, 398.16, 943437, 52
2248, 0, 0, 28, 27, 1, 0.08%, 4, 0, 2, 423.53, 945579, 52
2253, 0, 0, 28, 27, 1, 0.08%, 4, 0, 2, 437.76, 947859, 52
2258, 0, 0, 28, 27, 1, 0.08%, 4, 0, 2, 407.13, 949883, 52
2263, 0, 0, 28, 27, 1, 0.08%, 4, 0, 2, 436.56, 952179, 52
2268, 0, 0, 28, 27, 1, 0.08%, 4, 0, 2, 399.44, 954147, 52
2273, 0, 0, 28, 27, 1, 0.08%, 4, 0, 2, 385.82, 956093, 52
2278, 0, 0, 28, 27, 1, 0.08%, 4, 0, 2, 442.83, 958467, 52
2284, 0, 0, 28, 27, 1, 0.08%, 4, 0, 2, 448.42, 960667, 52
2289, 0, 0, 28, 27, 1, 0.08%, 4, 0, 2, 451.15, 962963, 52
2294, 0, 0, 28, 27, 1, 0.08%, 4, 0, 2, 389.17, 965004, 52
2299, 0, 0, 28, 27, 1, 0.08%, 4, 0, 2, 418.30, 967259, 52
2304, 0, 0, 28, 27, 1, 0.08%, 4, 0, 2, 391.52, 969232, 52
2309, 0, 0, 28, 27, 1, 0.08%, 4, 0, 2, 425.02, 971371, 52
2314, 0, 0, 28, 27, 1, 0.08%, 4, 0, 2, 390.86, 973285, 52
2319, 0, 0, 28, 27, 1, 0.08%, 4, 0, 2, 437.42, 975547, 52
2325, 0, 0, 28, 27, 1, 0.08%, 4, 0, 2, 462.93, 978048, 52
2330, 0, 0, 28, 27, 1, 0.08%, 4, 0, 2, 451.99, 980370, 52
2335, 0, 0, 28, 27, 1, 0.08%, 4, 0, 2, 421.84, 982539, 52
2340, 0, 0, 28, 27, 1, 0.08%, 4, 0, 2, 419.35, 984779, 52
2345, 0, 0, 28, 27, 1, 0.08%, 4, 0, 2, 460.40, 987183, 52
2350, 0, 0, 28, 27, 1, 0.08%, 4, 0, 2, 451.26, 989451, 52
2355, 0, 0, 28, 27, 1, 0.08%, 4, 0, 2, 481.45, 991926, 52
2361, 0, 0, 28, 27, 1, 0.08%, 4, 0, 2, 460.98, 994329, 52
2366, 0, 0, 28, 27, 1, 0.08%, 4, 0, 2, 437.35, 996435, 52
2371, 0, 0, 28, 27, 1, 0.08%, 4, 0, 2, 437.87, 998643, 52
2376, 0, 0, 28, 27, 1, 0.08%, 4, 0, 2, 403.04, 1000667, 52
2381, 0, 0, 28, 27, 1, 0.08%, 4, 0, 2, 442.86, 1002915, 52
2386, 0, 0, 28, 27, 1, 0.08%, 4, 0, 2, 406.49, 1005035, 52
2391, 0, 0, 28, 27, 1, 0.08%, 4, 0, 2, 460.09, 1007343, 52
2396, 0, 0, 28, 27, 1, 0.08%, 4, 0, 2, 458.90, 1009611, 52
2401, 0, 0, 28, 27, 1, 0.08%, 4, 0, 2, 432.74, 1011835, 52
2406, 0, 0, 28, 27, 1, 0.08%, 4, 0, 2, 413.36, 1014011, 52
2412, 0, 0, 28, 27, 1, 0.08%, 4, 0, 2, 438.31, 1016267, 52
2417, 0, 0, 28, 27, 1, 0.08%, 4, 0, 2, 413.72, 1018403, 52
2422, 0, 0, 28, 27, 1, 0.08%, 4, 0, 2, 417.70, 1020571, 52
2427, 0, 0, 28, 27, 1, 0.08%, 4, 0, 2, 414.10, 1022731, 52
2432, 0, 0, 28, 27, 1, 0.08%, 4, 0, 2, 415.99, 1024907, 52
2437, 0, 0, 28, 27, 1, 0.08%, 4, 0, 2, 386.50, 1026863, 52
2442, 0, 0, 28, 27, 1, 0.08%, 4, 0, 2, 444.70, 1029249, 52
2447, 0, 0, 28, 27, 1, 0.08%, 4, 0, 2, 448.44, 1031598, 52
2453, 0, 0, 28, 27, 1, 0.08%, 4, 0, 2, 454.01, 1033931, 52
2458, 0, 0, 28, 27, 1, 0.08%, 4, 0, 2, 452.48, 1036179, 52
2463, 0, 0, 28, 27, 1, 0.08%, 4, 0, 2, 424.98, 1038315, 52
2468, 0, 0, 28, 27, 1, 0.08%, 4, 0, 2, 438.11, 1040419, 52
2473, 0, 0, 28, 27, 1, 0.08%, 4, 0, 2, 415.99, 1042531, 52
2478, 0, 0, 28, 27, 1, 0.08%, 4, 0, 2, 436.76, 1044787, 52
2483, 0, 0, 28, 27, 1, 0.08%, 4, 0, 2, 408.63, 1046883, 52
2488, 0, 0, 28, 27, 1, 0.08%, 4, 0, 2, 401.75, 1048995, 52
2494, 0, 0, 28, 27, 1, 0.08%, 4, 0, 2, 394.94, 1051034, 52
2499, 0, 0, 28, 27, 1, 0.08%, 4, 0, 2, 434.98, 1053171, 52
2504, 0, 0, 28, 27, 1, 0.08%, 4, 0, 2, 430.11, 1055267, 52
2509, 0, 0, 28, 27, 1, 0.08%, 4, 0, 2, 470.71, 1057608, 52
2514, 0, 0, 28, 27, 1, 0.08%, 4, 0, 2, 428.63, 1059739, 52
2519, 0, 0, 28, 27, 1, 0.08%, 4, 0, 2, 472.31, 1062063, 52
2524, 0, 0, 28, 27, 1, 0.08%, 4, 0, 2, 424.37, 1064091, 52
2529, 0, 0, 28, 27, 1, 0.08%, 4, 0, 2, 417.68, 1066211, 52
2534, 0, 0, 28, 27, 1, 0.08%, 4, 0, 2, 440.69, 1068483, 52
2539, 0, 0, 28, 27, 1, 0.08%, 4, 0, 2, 480.68, 1070973, 52
2544, 0, 0, 28, 27, 1, 0.08%, 4, 0, 2, 410.02, 1072923, 52
2549, 0, 0, 28, 27, 1, 0.08%, 4, 0, 2, 388.55, 1074967, 52
2554, 0, 0, 28, 27, 1, 0.08%, 4, 0, 2, 429.35, 1077131, 52
2560, 0, 0, 28, 27, 1, 0.08%, 4, 0, 2, 423.12, 1079243, 52
2565, 0, 0, 28, 27, 1, 0.08%, 4, 0, 2, 408.18, 1081274, 52
2570, 0, 0, 28, 27, 1, 0.08%, 4, 0, 2, 432.00, 1083483, 52
2575, 0, 0, 28, 27, 1, 0.08%, 4, 0, 2, 407.30, 1085467, 52
2580, 0, 0, 28, 27, 1, 0.08%, 4, 0, 2, 434.78, 1087723, 52
2586, 0, 0, 28, 27, 1, 0.08%, 4, 0, 2, 433.92, 1089883, 52
2591, 0, 0, 28, 27, 1, 0.08%, 4, 0, 2, 436.69, 1092099, 52
2596, 0, 0, 28, 27, 1, 0.08%, 4, 0, 2, 409.05, 1094155, 52
2601, 0, 0, 28, 27, 1, 0.08%, 4, 0, 2, 421.86, 1096267, 52
2606, 0, 0, 28, 27, 1, 0.08%, 4, 0, 2, 411.89, 1098403, 52
2611, 0, 0, 28, 27, 1, 0.08%, 4, 0, 2, 405.55, 1100475, 52
2616, 0, 0, 28, 27, 1, 0.08%, 4, 0, 2, 449.35, 1102859, 52
2621, 0, 0, 28, 27, 1, 0.08%, 4, 0, 2, 414.62, 1104843, 52
2626, 0, 0, 28, 27, 1, 0.08%, 4, 0, 2, 433.19, 1106971, 52
2631, 0, 0, 28, 27, 1, 0.08%, 4, 0, 2, 419.27, 1109011, 52
2636, 0, 0, 28, 27, 1, 0.08%, 4, 0, 2, 411.78, 1111211, 52
2642, 0, 0, 28, 27, 1, 0.08%, 4, 0, 2, 428.14, 1113387, 52
2647, 0, 0, 28, 27, 1, 0.08%, 4, 0, 2, 412.55, 1115387, 52
2652, 0, 0, 28, 27, 1, 0.08%, 4, 0, 2, 440.97, 1117683, 52
2657, 0, 0, 28, 27, 1, 0.08%, 4, 0, 2, 431.99, 1119811, 52
2662, 0, 0, 28, 27, 1, 0.08%, 4, 0, 2, 424.79, 1122003, 52
2667, 0, 0, 28, 27, 1, 0.08%, 4, 0, 2, 440.26, 1124299, 52
2672, 0, 0, 28, 27, 1, 0.08%, 4, 0, 2, 446.80, 1126443, 52
2677, 0, 0, 28, 27, 1, 0.08%, 4, 0, 2, 411.42, 1128483, 52
2682, 0, 0, 28, 27, 1, 0.08%, 4, 0, 2, 417.22, 1130667, 52
2687, 0, 0, 28, 27, 1, 0.08%, 4, 0, 2, 408.40, 1132707, 52
2692, 0, 0, 28, 27, 1, 0.08%, 4, 0, 2, 387.91, 1134705, 52
2697, 0, 0, 28, 27, 1, 0.08%, 4, 0, 2, 362.97, 1136497, 52
2703, 0, 0, 28, 27, 1, 0.08%, 4, 0, 2, 412.90, 1138635, 52
2708, 0, 0, 28, 27, 1, 0.08%, 4, 0, 2, 434.31, 1140811, 52
2713, 0, 0, 28, 27, 1, 0.08%, 4, 0, 2, 407.43, 1142804, 52
2718, 0, 0, 28, 27, 1, 0.08%, 4, 0, 2, 421.68, 1144979, 52
2723, 0, 0, 28, 27, 1, 0.08%, 4, 0, 2, 417.78, 1147131, 52
2728, 0, 0, 28, 27, 1, 0.08%, 4, 0, 2, 404.77, 1149171, 52
2733, 0, 0, 28, 27, 1, 0.08%, 4, 0, 2, 385.59, 1151085, 52
2738, 0, 0, 28, 27, 1, 0.08%, 4, 0, 2, 406.86, 1153219, 52
2743, 0, 0, 28, 27, 1, 0.08%, 4, 0, 2, 429.34, 1155555, 52
2749, 0, 0, 28, 27, 1, 0.08%, 4, 0, 2, 414.52, 1157667, 52
2754, 0, 0, 28, 27, 1, 0.08%, 4, 0, 2, 409.79, 1159835, 52
2759, 0, 0, 28, 27, 1, 0.08%, 4, 0, 2, 399.87, 1161844, 52
2764, 0, 0, 28, 27, 1, 0.08%, 4, 0, 2, 414.48, 1164059, 52
2769, 0, 0, 28, 27, 1, 0.08%, 4, 0, 2, 421.47, 1166203, 52
2774, 0, 0, 28, 27, 1, 0.08%, 4, 0, 2, 421.62, 1168379, 52
2779, 0, 0, 28, 27, 1, 0.08%, 4, 0, 2, 389.58, 1170307, 52
2785, 0, 0, 28, 27, 1, 0.08%, 4, 0, 2, 368.38, 1172120, 52
2790, 0, 0, 28, 27, 1, 0.08%, 4, 0, 2, 390.94, 1174150, 52
2795, 0, 0, 28, 27, 1, 0.08%, 4, 0, 2, 415.14, 1176251, 52
2800, 0, 0, 28, 27, 1, 0.08%, 4, 0, 2, 408.33, 1178331, 52
2805, 0, 0, 28, 27, 1, 0.08%, 4, 0, 2, 421.05, 1180403, 52
2810, 0, 0, 28, 27, 1, 0.08%, 4, 0, 2, 401.73, 1182396, 52
2815, 0, 0, 28, 27, 1, 0.08%, 4, 0, 2, 352.23, 1184174, 52
2820, 0, 0, 28, 27, 1, 0.08%, 4, 0, 2, 361.93, 1186064, 52
2826, 0, 0, 28, 27, 1, 0.08%, 4, 0, 2, 409.14, 1188227, 52
2831, 0, 0, 28, 27, 1, 0.08%, 4, 0, 2, 404.90, 1190371, 52
2836, 0, 0, 28, 27, 1, 0.08%, 4, 0, 2, 378.06, 1192364, 52
2841, 0, 0, 28, 27, 1, 0.08%, 4, 0, 2, 389.27, 1194380, 52
2846, 0, 0, 28, 27, 1, 0.08%, 4, 0, 2, 387.52, 1196431, 52
2852, 0, 0, 28, 27, 1, 0.08%, 4, 0, 2, 412.46, 1198627, 52
2857, 0, 0, 28, 27, 1, 0.08%, 4, 0, 2, 424.23, 1200851, 52
2862, 0, 0, 28, 27, 1, 0.08%, 4, 0, 2, 414.58, 1202939, 52
2867, 0, 0, 28, 27, 1, 0.08%, 4, 0, 2, 353.99, 1204712, 52
2872, 0, 0, 28, 27, 1, 0.08%, 4, 0, 2, 400.10, 1206675, 52
2877, 0, 0, 28, 27, 1, 0.08%, 4, 0, 2, 405.96, 1208747, 52
2882, 0, 0, 28, 27, 1, 0.08%, 4, 0, 2, 430.73, 1211019, 52
2887, 0, 0, 28, 27, 1, 0.08%, 4, 0, 2, 366.85, 1212769, 52
2892, 0, 0, 28, 27, 1, 0.08%, 4, 0, 2, 337.56, 1214547, 52
2897, 0, 0, 28, 27, 1, 0.08%, 4, 0, 2, 369.99, 1216444, 52
2903, 0, 0, 28, 27, 1, 0.08%, 4, 0, 2, 413.48, 1218603, 52
2908, 0, 0, 28, 27, 1, 0.08%, 4, 0, 2, 415.05, 1220827, 52
2913, 0, 0, 28, 27, 1, 0.08%, 4, 0, 2, 399.63, 1222835, 52
2918, 0, 0, 28, 27, 1, 0.08%, 4, 0, 2, 390.42, 1224795, 52
2923, 0, 0, 28, 27, 1, 0.08%, 4, 0, 2, 438.33, 1227035, 52
2928, 0, 0, 28, 27, 1, 0.08%, 4, 0, 2, 425.99, 1229187, 52
2933, 0, 0, 28, 27, 1, 0.08%, 4, 0, 2, 400.06, 1231243, 52
2938, 0, 0, 28, 27, 1, 0.08%, 4, 0, 2, 419.40, 1233315, 52
2943, 0, 0, 28, 27, 1, 0.08%, 4, 0, 2, 404.54, 1235419, 52
2949, 0, 0, 28, 27, 1, 0.08%, 4, 0, 2, 442.44, 1237667, 52
2954, 0, 0, 28, 27, 1, 0.08%, 4, 0, 2, 415.05, 1239763, 52
2959, 0, 0, 28, 27, 1, 0.08%, 4, 0, 2, 419.26, 1241907, 52
2964, 0, 0, 28, 27, 1, 0.08%, 4, 0, 2, 422.73, 1244043, 52
2969, 0, 0, 28, 27, 1, 0.08%, 4, 0, 2, 444.40, 1246315, 52
2974, 0, 0, 28, 27, 1, 0.08%, 4, 0, 2, 418.60, 1248387, 52
2979, 0, 0, 28, 27, 1, 0.08%, 4, 0, 2, 434.91, 1250627, 52
2984, 0, 0, 28, 27, 1, 0.08%, 4, 0, 2, 411.39, 1252611, 52
2989, 0, 0, 28, 27, 1, 0.08%, 4, 0, 2, 418.29, 1254723, 52
2994, 0, 0, 28, 27, 1, 0.08%, 4, 0, 2, 405.35, 1256795, 52
2999, 0, 0, 28, 27, 1, 0.08%, 4, 0, 2, 427.03, 1259075, 52
3005, 0, 0, 28, 27, 1, 0.08%, 4, 0, 2, 416.71, 1261291, 52
3010, 0, 0, 28, 27, 1, 0.08%, 4, 0, 2, 432.72, 1263475, 52
3015, 0, 0, 28, 27, 1, 0.08%, 4, 0, 2, 459.54, 1265814, 52
3020, 0, 0, 28, 27, 1, 0.08%, 4, 0, 2, 413.56, 1267867, 52
3025, 0, 0, 28, 27, 1, 0.08%, 4, 0, 2, 439.24, 1270115, 52
3030, 0, 0, 28, 27, 1, 0.08%, 4, 0, 2, 408.13, 1272195, 52
3035, 0, 0, 28, 27, 1, 0.08%, 4, 0, 2, 430.46, 1274403, 52
3040, 0, 0, 28, 27, 1, 0.08%, 4, 0, 2, 427.00, 1276539, 52
3045, 0, 0, 28, 27, 1, 0.08%, 4, 0, 2, 400.66, 1278563, 52
3050, 0, 0, 28, 27, 1, 0.08%, 4, 0, 2, 445.99, 1281019, 52
3056, 0, 0, 28, 27, 1, 0.08%, 4, 0, 2, 437.26, 1283259, 52
3061, 0, 0, 28, 27, 1, 0.08%, 4, 0, 2, 444.59, 1285499, 52
3066, 0, 0, 28, 27, 1, 0.08%, 4, 0, 2, 426.47, 1287683, 52
3071, 0, 0, 28, 27, 1, 0.08%, 4, 0, 2, 443.81, 1289867, 52
3076, 0, 0, 28, 27, 1, 0.08%, 4, 0, 2, 424.09, 1292003, 52
3081, 0, 0, 28, 27, 1, 0.08%, 4, 0, 2, 400.36, 1294053, 52
3087, 0, 0, 28, 27, 1, 0.08%, 4, 0, 2, 412.61, 1296219, 52
3092, 0, 0, 28, 27, 1, 0.08%, 4, 0, 2, 439.71, 1298483, 52
3097, 0, 0, 28, 27, 1, 0.08%, 4, 0, 2, 436.19, 1300619, 52
3102, 0, 0, 28, 27, 1, 0.08%, 4, 0, 2, 439.21, 1302811, 52
3107, 0, 0, 28, 27, 1, 0.08%, 4, 0, 2, 397.83, 1304795, 52
3112, 0, 0, 28, 27, 1, 0.08%, 4, 0, 2, 403.52, 1306915, 52
3117, 0, 0, 28, 27, 1, 0.08%, 4, 0, 2, 397.88, 1308900, 52
3122, 0, 0, 28, 27, 1, 0.08%, 4, 0, 2, 433.93, 1311211, 52
3127, 0, 0, 28, 27, 1, 0.08%, 4, 0, 2, 429.29, 1313435, 52
3132, 0, 0, 28, 27, 1, 0.08%, 4, 0, 2, 472.08, 1315899, 52
3137, 0, 0, 28, 27, 1, 0.08%, 4, 0, 2, 454.16, 1318257, 52
3143, 0, 0, 28, 27, 1, 0.08%, 4, 0, 2, 473.57, 1320768, 52
3148, 0, 0, 28, 27, 1, 0.08%, 4, 0, 2, 416.84, 1322843, 52
3153, 0, 0, 28, 27, 1, 0.08%, 4, 0, 2, 386.87, 1324860, 52
3158, 0, 0, 28, 27, 1, 0.08%, 4, 0, 2, 380.64, 1326841, 52
3163, 0, 0, 28, 27, 1, 0.08%, 4, 0, 2, 420.27, 1328899, 52
3168, 0, 0, 28, 27, 1, 0.08%, 4, 0, 2, 446.08, 1331171, 52
3173, 0, 0, 28, 27, 1, 0.08%, 4, 0, 2, 427.90, 1333299, 52
3178, 0, 0, 28, 27, 1, 0.08%, 4, 0, 2, 421.48, 1335403, 52
3183, 0, 0, 28, 27, 1, 0.08%, 4, 0, 2, 422.92, 1337555, 52
3189, 0, 0, 28, 27, 1, 0.08%, 4, 0, 2, 438.19, 1339923, 52
3194, 0, 0, 28, 27, 1, 0.08%, 4, 0, 2, 391.64, 1341807, 52
3199, 0, 0, 28, 27, 1, 0.08%, 4, 0, 2, 422.88, 1343979, 52
3204, 0, 0, 28, 27, 1, 0.08%, 4, 0, 2, 410.75, 1346051, 52
3209, 0, 0, 28, 27, 1, 0.08%, 4, 0, 2, 452.11, 1348387, 52
3214, 0, 0, 28, 27, 1, 0.08%, 4, 0, 2, 427.99, 1350539, 52
3219, 0, 0, 28, 27, 1, 0.08%, 4, 0, 2, 385.28, 1352517, 52
3225, 0, 0, 28, 27, 1, 0.08%, 4, 0, 2, 397.14, 1354603, 52
3230, 0, 0, 28, 27, 1, 0.08%, 4, 0, 2, 393.46, 1356556, 52
3235, 0, 0, 28, 27, 1, 0.08%, 4, 0, 2, 398.75, 1358628, 52
3240, 0, 0, 28, 27, 1, 0.08%, 4, 0, 2, 403.25, 1360787, 52
3245, 0, 0, 28, 27, 1, 0.08%, 4, 0, 2, 432.56, 1362995, 52
3250, 0, 0, 28, 27, 1, 0.08%, 4, 0, 2, 424.28, 1365139, 52
3255, 0, 0, 28, 27, 1, 0.08%, 4, 0, 2, 405.94, 1367291, 52
3261, 0, 0, 28, 27, 1, 0.08%, 4, 0, 2, 400.27, 1369347, 52
3266, 0, 0, 28, 27, 1, 0.08%, 4, 0, 2, 408.47, 1371459, 52
3271, 0, 0, 28, 27, 1, 0.08%, 4, 0, 2, 409.42, 1373566, 52
3276, 0, 0, 28, 27, 1, 0.08%, 4, 0, 2, 459.15, 1375920, 52
3281, 0, 0, 28, 27, 1, 0.08%, 4, 0, 2, 412.13, 1377899, 52
3286, 0, 0, 28, 27, 1, 0.08%, 4, 0, 2, 453.02, 1380235, 52
3291, 0, 0, 28, 27, 1, 0.08%, 4, 0, 2, 452.33, 1382467, 52
3296, 0, 0, 28, 27, 1, 0.08%, 4, 0, 2, 414.17, 1384499, 52
3302, 0, 0, 28, 27, 1, 0.08%, 4, 0, 2, 401.14, 1386579, 52
3307, 0, 0, 28, 27, 1, 0.08%, 4, 0, 2, 434.18, 1388859, 52
3312, 0, 0, 28, 27, 1, 0.08%, 4, 0, 2, 416.91, 1391011, 52
3317, 0, 0, 28, 27, 1, 0.08%, 4, 0, 2, 414.96, 1393123, 52
3322, 0, 0, 28, 27, 1, 0.08%, 4, 0, 2, 433.24, 1395275, 52
3327, 0, 0, 28, 27, 1, 0.08%, 4, 0, 2, 418.46, 1397435, 52
3332, 0, 0, 28, 27, 1, 0.08%, 4, 0, 2, 424.09, 1399627, 52
3338, 0, 0, 28, 27, 1, 0.08%, 4, 0, 2, 424.14, 1401795, 52
3343, 0, 0, 28, 27, 1, 0.08%, 4, 0, 2, 422.45, 1403955, 52
3348, 0, 0, 28, 27, 1, 0.08%, 4, 0, 2, 398.28, 1405969, 52
3353, 0, 0, 28, 27, 1, 0.08%, 4, 0, 2, 380.41, 1407922, 52
3358, 0, 0, 28, 27, 1, 0.08%, 4, 0, 2, 419.62, 1410027, 52
3363, 0, 0, 28, 27, 1, 0.08%, 4, 0, 2, 412.92, 1412027, 52
3368, 0, 0, 28, 27, 1, 0.08%, 4, 0, 2, 418.76, 1414195, 52
3373, 0, 0, 28, 27, 1, 0.08%, 4, 0, 2, 419.17, 1416395, 52
3378, 0, 0, 28, 27, 1, 0.08%, 4, 0, 2, 386.95, 1418436, 52
3384, 0, 0, 28, 27, 1, 0.08%, 4, 0, 2, 428.03, 1420715, 52
3389, 0, 0, 28, 27, 1, 0.08%, 4, 0, 2, 403.82, 1422771, 52
3394, 0, 0, 28, 27, 1, 0.08%, 4, 0, 2, 402.78, 1424792, 52
3399, 0, 0, 28, 27, 1, 0.08%, 4, 0, 2, 393.24, 1426891, 52
3404, 0, 0, 28, 27, 1, 0.08%, 4, 0, 2, 386.85, 1428859, 52
3409, 0, 0, 28, 27, 1, 0.08%, 4, 0, 2, 368.90, 1430742, 52
3414, 0, 0, 28, 27, 1, 0.08%, 4, 0, 2, 381.41, 1432786, 52
3420, 0, 0, 28, 27, 1, 0.08%, 4, 0, 2, 403.24, 1434774, 52
3425, 0, 0, 28, 27, 1, 0.08%, 4, 0, 2, 387.47, 1436804, 52
3430, 0, 0, 28, 27, 1, 0.08%, 4, 0, 2, 406.56, 1438939, 52
3435, 0, 0, 28, 27, 1, 0.08%, 4, 0, 2, 398.21, 1440891, 52
3440, 0, 0, 28, 27, 1, 0.08%, 4, 0, 2, 383.08, 1442852, 52
3445, 0, 0, 28, 27, 1, 0.08%, 4, 0, 2, 387.93, 1444910, 52
3450, 0, 0, 28, 27, 1, 0.08%, 4, 0, 2, 374.09, 1446716, 52
3456, 0, 0, 28, 27, 1, 0.08%, 4, 0, 2, 390.13, 1448739, 52
3461, 0, 0, 28, 27, 1, 0.08%, 4, 0, 2, 385.25, 1450783, 52
3466, 0, 0, 28, 27, 1, 0.08%, 4, 0, 2, 410.83, 1452883, 52
3471, 0, 0, 28, 27, 1, 0.08%, 4, 0, 2, 406.45, 1455083, 52
3476, 0, 0, 28, 27, 1, 0.08%, 4, 0, 2, 414.21, 1457195, 52
3482, 0, 0, 28, 27, 1, 0.08%, 4, 0, 2, 422.36, 1459403, 52
3487, 0, 0, 28, 27, 1, 0.08%, 4, 0, 2, 455.99, 1461753, 52
3492, 0, 0, 28, 27, 1, 0.08%, 4, 0, 2, 431.42, 1463915, 52
3497, 0, 0, 28, 27, 1, 0.08%, 4, 0, 2, 423.47, 1466155, 52
3502, 0, 0, 28, 27, 1, 0.08%, 4, 0, 2, 407.06, 1468211, 52
3507, 0, 0, 28, 27, 1, 0.08%, 4, 0, 2, 382.99, 1470159, 52
3512, 0, 0, 28, 27, 1, 0.08%, 4, 0, 2, 354.92, 1471937, 52
3517, 0, 0, 28, 27, 1, 0.08%, 4, 0, 2, 377.62, 1473841, 52
3522, 0, 0, 28, 27, 1, 0.08%, 4, 0, 2, 385.90, 1475822, 52
3528, 0, 0, 28, 27, 1, 0.08%, 4, 0, 2, 352.22, 1477621, 52
3533, 0, 0, 28, 27, 1, 0.08%, 4, 0, 2, 357.18, 1479413, 52
3538, 0, 0, 28, 27, 1, 0.08%, 4, 0, 2, 381.20, 1481373, 52
3543, 0, 0, 28, 27, 1, 0.08%, 4, 0, 2, 345.21, 1483065, 52
3548, 0, 0, 28, 27, 1, 0.08%, 4, 0, 2, 354.00, 1484859, 52
3553, 0, 0, 28, 27, 1, 0.08%, 4, 0, 2, 398.76, 1486971, 52
3558, 0, 0, 28, 27, 1, 0.08%, 4, 0, 2, 364.26, 1488821, 52
3564, 0, 0, 28, 27, 1, 0.08%, 4, 0, 2, 371.26, 1490718, 52
3569, 0, 0, 28, 27, 1, 0.08%, 4, 0, 2, 365.51, 1492622, 52
3574, 0, 0, 28, 27, 1, 0.08%, 4, 0, 2, 373.82, 1494631, 52
3579, 0, 0, 28, 27, 1, 0.08%, 4, 0, 2, 374.04, 1496640, 52
3584, 0, 0, 28, 27, 1, 0.08%, 4, 0, 2, 350.60, 1498401, 52
3589, 0, 0, 28, 27, 1, 0.08%, 4, 0, 2, 316.76, 1500003, 52
3594, 0, 0, 28, 27, 1, 0.08%, 4, 0, 2, 326.66, 1501689, 52
3599, 0, 0, 28, 27, 1, 0.08%, 4, 0, 2, 375.53, 1503598, 52
3605, 0, 0, 28, 27, 1, 0.08%, 4, 0, 2, 345.59, 1505289, 52
3610, 0, 0, 28, 27, 1, 0.08%, 4, 0, 2, 344.75, 1506999, 52
3615, 0, 0, 28, 27, 1, 0.08%, 4, 0, 2, 334.94, 1508715, 52
3620, 0, 0, 28, 27, 1, 0.08%, 4, 0, 2, 358.30, 1510563, 52
3625, 0, 0, 28, 27, 1, 0.08%, 4, 0, 2, 336.76, 1512297, 52
3630, 0, 0, 28, 27, 1, 0.08%, 4, 0, 2, 345.39, 1514109, 52
3635, 0, 0, 28, 27, 1, 0.08%, 4, 0, 2, 331.33, 1515747, 52
3641, 0, 0, 28, 27, 1, 0.08%, 4, 0, 2, 325.44, 1517457, 52
3646, 0, 0, 28, 27, 1, 0.08%, 4, 0, 2, 326.87, 1519131, 52
3651, 0, 0, 28, 27, 1, 0.08%, 4, 0, 2, 330.78, 1520877, 52
3656, 0, 0, 28, 27, 1, 0.08%, 4, 0, 2, 337.23, 1522617, 52
3661, 0, 0, 28, 27, 1, 0.08%, 4, 0, 2, 354.96, 1524451, 52
3666, 0, 0, 28, 27, 1, 0.08%, 4, 0, 2, 388.83, 1526460, 52
3671, 0, 0, 28, 27, 1, 0.08%, 4, 0, 2, 385.58, 1528378, 52
3676, 0, 0, 28, 27, 1, 0.08%, 4, 0, 2, 380.99, 1530310, 52
3681, 0, 0, 28, 27, 1, 0.08%, 4, 0, 2, 388.49, 1532319, 52
3687, 0, 0, 28, 27, 1, 0.08%, 4, 0, 2, 404.71, 1534443, 52
3692, 0, 0, 28, 27, 1, 0.08%, 4, 0, 2, 380.91, 1536372, 52
3697, 0, 0, 28, 27, 1, 0.08%, 4, 0, 2, 416.51, 1538459, 52
3702, 0, 0, 28, 27, 1, 0.08%, 4, 0, 2, 390.90, 1540404, 52
3707, 0, 0, 28, 27, 1, 0.08%, 4, 0, 2, 378.31, 1542308, 52
3712, 0, 0, 28, 27, 1, 0.08%, 4, 0, 2, 416.28, 1544483, 52
3718, 0, 0, 28, 27, 1, 0.08%, 4, 0, 2, 366.03, 1546305, 52
3723, 0, 0, 28, 27, 1, 0.08%, 4, 0, 2, 340.43, 1548021, 52
3728, 0, 0, 28, 27, 1, 0.08%, 4, 0, 2, 373.57, 1549931, 52
3733, 0, 0, 28, 27, 1, 0.08%, 4, 0, 2, 382.83, 1551933, 52
3738, 0, 0, 28, 27, 1, 0.08%, 4, 0, 2, 381.53, 1553844, 52
3743, 0, 0, 28, 27, 1, 0.08%, 4, 0, 2, 374.53, 1555657, 52
3748, 0, 0, 28, 27, 1, 0.08%, 4, 0, 2, 369.29, 1557554, 52
3753, 0, 0, 28, 27, 1, 0.08%, 4, 0, 2, 348.93, 1559271, 52
3759, 0, 0, 28, 27, 1, 0.08%, 4, 0, 2, 376.52, 1561229, 52
3764, 0, 0, 28, 27, 1, 0.08%, 4, 0, 2, 414.07, 1563267, 52
3769, 0, 0, 28, 27, 1, 0.08%, 4, 0, 2, 396.68, 1565191, 52
3774, 0, 0, 28, 27, 1, 0.08%, 4, 0, 2, 368.14, 1567025, 52
3779, 0, 0, 28, 27, 1, 0.08%, 4, 0, 2, 380.50, 1569020, 52
3784, 0, 0, 28, 27, 1, 0.08%, 4, 0, 2, 386.79, 1571043, 52
3789, 0, 0, 28, 27, 1, 0.08%, 4, 0, 2, 383.03, 1572982, 52
3794, 0, 0, 28, 27, 1, 0.08%, 4, 0, 2, 356.16, 1574781, 52
3799, 0, 0, 28, 27, 1, 0.08%, 4, 0, 2, 390.57, 1576853, 52
3805, 0, 0, 28, 27, 1, 0.08%, 4, 0, 2, 404.96, 1578925, 52
3810, 0, 0, 28, 27, 1, 0.08%, 4, 0, 2, 371.69, 1580766, 52
3815, 0, 0, 28, 27, 1, 0.08%, 4, 0, 2, 381.25, 1582754, 52
3820, 0, 0, 28, 27, 1, 0.08%, 4, 0, 2, 367.25, 1584504, 52
3825, 0, 0, 28, 27, 1, 0.08%, 4, 0, 2, 403.64, 1586583, 52
3830, 0, 0, 28, 27, 1, 0.08%, 4, 0, 2, 380.63, 1588480, 52
3835, 0, 0, 28, 27, 1, 0.08%, 4, 0, 2, 397.71, 1590482, 52
3841, 0, 0, 28, 27, 1, 0.08%, 4, 0, 2, 361.31, 1592407, 52
3846, 0, 0, 28, 27, 1, 0.08%, 4, 0, 2, 369.95, 1594269, 52
3851, 0, 0, 28, 27, 1, 0.08%, 4, 0, 2, 363.21, 1596159, 52
3856, 0, 0, 28, 27, 1, 0.08%, 4, 0, 2, 377.09, 1598028, 52
3861, 0, 0, 28, 27, 1, 0.08%, 4, 0, 2, 354.02, 1599771, 52
3866, 0, 0, 28, 27, 1, 0.08%, 4, 0, 2, 377.16, 1601696, 52
3871, 0, 0, 28, 27, 1, 0.08%, 4, 0, 2, 378.81, 1603628, 52
3877, 0, 0, 28, 27, 1, 0.08%, 4, 0, 2, 402.05, 1605771, 52
3882, 0, 0, 28, 27, 1, 0.08%, 4, 0, 2, 398.24, 1607716, 52
3887, 0, 0, 28, 27, 1, 0.08%, 4, 0, 2, 405.36, 1609827, 52
3892, 0, 0, 28, 27, 1, 0.08%, 4, 0, 2, 433.83, 1612067, 52
3897, 0, 0, 28, 27, 1, 0.08%, 4, 0, 2, 402.47, 1613995, 52
3902, 0, 0, 28, 27, 1, 0.08%, 4, 0, 2, 417.43, 1616067, 52
3907, 0, 0, 28, 27, 1, 0.08%, 4, 0, 2, 370.81, 1617964, 52
3913, 0, 0, 28, 27, 1, 0.08%, 4, 0, 2, 402.32, 1620059, 52
3918, 0, 0, 28, 27, 1, 0.08%, 4, 0, 2, 393.98, 1622066, 52
3923, 0, 0, 28, 27, 1, 0.08%, 4, 0, 2, 364.63, 1623893, 52
3928, 0, 0, 28, 27, 1, 0.08%, 4, 0, 2, 398.63, 1625993, 52
3933, 0, 0, 28, 27, 1, 0.08%, 4, 0, 2, 399.31, 1627939, 52
3938, 0, 0, 28, 27, 1, 0.08%, 4, 0, 2, 372.93, 1629871, 52
3943, 0, 0, 28, 27, 1, 0.08%, 4, 0, 2, 384.97, 1631817, 52
3948, 0, 0, 28, 27, 1, 0.08%, 4, 0, 2, 381.41, 1633735, 52
3954, 0, 0, 28, 27, 1, 0.08%, 4, 0, 2, 411.70, 1635819, 52
3959, 0, 0, 28, 27, 1, 0.08%, 4, 0, 2, 398.43, 1637915, 52
3964, 0, 0, 28, 27, 1, 0.08%, 4, 0, 2, 338.22, 1639557, 52
3969, 0, 0, 28, 27, 1, 0.08%, 4, 0, 2, 371.16, 1641505, 52
3974, 0, 0, 28, 27, 1, 0.08%, 4, 0, 2, 381.59, 1643521, 52
3979, 0, 0, 28, 27, 1, 0.08%, 4, 0, 2, 356.95, 1645439, 52
3984, 0, 0, 28, 27, 1, 0.08%, 4, 0, 2, 392.00, 1647483, 52
3989, 0, 0, 28, 27, 1, 0.08%, 4, 0, 2, 384.00, 1649429, 52
3995, 0, 0, 28, 27, 1, 0.08%, 4, 0, 2, 364.78, 1651361, 52
4000, 0, 0, 28, 27, 1, 0.08%, 4, 0, 2, 390.99, 1653335, 52
4005, 0, 0, 28, 27, 1, 0.08%, 4, 0, 2, 372.25, 1655239, 52
4010, 0, 0, 28, 27, 1, 0.08%, 4, 0, 2, 361.41, 1657059, 52
4015, 0, 0, 28, 27, 1, 0.08%, 4, 0, 2, 379.40, 1658984, 52
4020, 0, 0, 28, 27, 1, 0.08%, 4, 0, 2, 404.25, 1661163, 52
4025, 0, 0, 28, 27, 1, 0.08%, 4, 0, 2, 357.45, 1662904, 52
4030, 0, 0, 28, 27, 1, 0.08%, 4, 0, 2, 379.67, 1664885, 52
4035, 0, 0, 28, 27, 1, 0.08%, 4, 0, 2, 397.70, 1666880, 52
4041, 0, 0, 28, 27, 1, 0.08%, 4, 0, 2, 389.94, 1668833, 52
4046, 0, 0, 28, 27, 1, 0.08%, 4, 0, 2, 385.88, 1670835, 52
4051, 0, 0, 28, 27, 1, 0.08%, 4, 0, 2, 333.79, 1672533, 52
4056, 0, 0, 28, 27, 1, 0.08%, 4, 0, 2, 361.05, 1674440, 52
4061, 0, 0, 28, 27, 1, 0.08%, 4, 0, 2, 393.39, 1676463, 52
4066, 0, 0, 28, 27, 1, 0.08%, 4, 0, 2, 376.75, 1678276, 52
4071, 0, 0, 28, 27, 1, 0.08%, 4, 0, 2, 362.93, 1680068, 52
4077, 0, 0, 28, 27, 1, 0.08%, 4, 0, 2, 382.75, 1682042, 52
4082, 0, 0, 28, 27, 1, 0.08%, 4, 0, 2, 378.07, 1683967, 52
4087, 0, 0, 28, 27, 1, 0.08%, 4, 0, 2, 371.99, 1685843, 52
4092, 0, 0, 28, 27, 1, 0.08%, 4, 0, 2, 375.73, 1687824, 52
4097, 0, 0, 28, 27, 1, 0.08%, 4, 0, 2, 362.16, 1689735, 52
4102, 0, 0, 28, 27, 1, 0.08%, 4, 0, 2, 371.17, 1691688, 52
4107, 0, 0, 28, 27, 1, 0.08%, 4, 0, 2, 403.44, 1693803, 52
4112, 0, 0, 28, 27, 1, 0.08%, 4, 0, 2, 378.06, 1695741, 52
4117, 0, 0, 28, 27, 1, 0.08%, 4, 0, 2, 400.18, 1697799, 52
4122, 0, 0, 28, 27, 1, 0.08%, 4, 0, 2, 356.96, 1699528, 52
4128, 0, 0, 28, 27, 1, 0.08%, 4, 0, 2, 378.19, 1701523, 52
4133, 0, 0, 28, 27, 1, 0.08%, 4, 0, 2, 398.15, 1703595, 52
4138, 0, 0, 28, 27, 1, 0.08%, 4, 0, 2, 375.19, 1705506, 52
4143, 0, 0, 28, 27, 1, 0.08%, 4, 0, 2, 393.92, 1707564, 52
4148, 0, 0, 28, 27, 1, 0.08%, 4, 0, 2, 370.82, 1709447, 52
4153, 0, 0, 28, 27, 1, 0.08%, 4, 0, 2, 379.35, 1711365, 52
4158, 0, 0, 28, 27, 1, 0.08%, 4, 0, 2, 377.84, 1713318, 52
4164, 0, 0, 28, 27, 1, 0.08%, 4, 0, 2, 384.57, 1715306, 52
4169, 0, 0, 28, 27, 1, 0.08%, 4, 0, 2, 384.57, 1717252, 52
4174, 0, 0, 28, 27, 1, 0.08%, 4, 0, 2, 386.59, 1719135, 52
4179, 0, 0, 28, 27, 1, 0.08%, 4, 0, 2, 369.33, 1721004, 52
4184, 0, 0, 28, 27, 1, 0.08%, 4, 0, 2, 357.18, 1722936, 52
4189, 0, 0, 28, 27, 1, 0.08%, 4, 0, 2, 389.42, 1725015, 52
4194, 0, 0, 28, 27, 1, 0.08%, 4, 0, 2, 395.22, 1727024, 52
4199, 0, 0, 28, 27, 1, 0.08%, 4, 0, 2, 388.04, 1728900, 52
4204, 0, 0, 28, 27, 1, 0.08%, 4, 0, 2, 388.99, 1730853, 52
4210, 0, 0, 28, 27, 1, 0.08%, 4, 0, 2, 335.30, 1732587, 52
4215, 0, 0, 28, 27, 1, 0.08%, 4, 0, 2, 357.08, 1734479, 52
4220, 0, 0, 28, 27, 1, 0.08%, 4, 0, 2, 369.68, 1736432, 52
4225, 0, 0, 28, 27, 1, 0.08%, 4, 0, 2, 372.87, 1738406, 52
4230, 0, 0, 28, 27, 1, 0.08%, 4, 0, 2, 367.01, 1740254, 52
4235, 0, 0, 28, 27, 1, 0.08%, 4, 0, 2, 367.40, 1742193, 52
4240, 0, 0, 28, 27, 1, 0.08%, 4, 0, 2, 380.31, 1744069, 52
4245, 0, 0, 28, 27, 1, 0.08%, 4, 0, 2, 389.44, 1745994, 52
4250, 0, 0, 28, 27, 1, 0.08%, 4, 0, 2, 410.71, 1748163, 52
4255, 0, 0, 28, 27, 1, 0.08%, 4, 0, 2, 367.31, 1749956, 52
4261, 0, 0, 28, 27, 1, 0.08%, 4, 0, 2, 386.90, 1751979, 52
4266, 0, 0, 28, 27, 1, 0.08%, 4, 0, 2, 396.37, 1754011, 52
4271, 0, 0, 28, 27, 1, 0.08%, 4, 0, 2, 378.10, 1755948, 52
4276, 0, 0, 28, 27, 1, 0.08%, 4, 0, 2, 351.79, 1757740, 52
4281, 0, 0, 28, 27, 1, 0.08%, 4, 0, 2, 382.30, 1759735, 52
4286, 0, 0, 28, 27, 1, 0.08%, 4, 0, 2, 369.42, 1761681, 52
4291, 0, 0, 28, 27, 1, 0.08%, 4, 0, 2, 345.03, 1763515, 52
4296, 0, 0, 28, 27, 1, 0.08%, 4, 0, 2, 358.53, 1765391, 52
4301, 0, 0, 28, 27, 1, 0.08%, 4, 0, 2, 362.86, 1767267, 52
4306, 0, 0, 28, 27, 1, 0.08%, 4, 0, 2, 385.17, 1769241, 52
4312, 0, 0, 28, 27, 1, 0.08%, 4, 0, 2, 342.56, 1770975, 52
4317, 0, 0, 28, 27, 1, 0.08%, 4, 0, 2, 388.82, 1773007, 52
4322, 0, 0, 28, 27, 1, 0.08%, 4, 0, 2, 388.81, 1774953, 52
4327, 0, 0, 28, 27, 1, 0.08%, 4, 0, 2, 374.11, 1776871, 52
4332, 0, 0, 28, 27, 1, 0.08%, 4, 0, 2, 394.96, 1778939, 52
4337, 0, 0, 28, 27, 1, 0.08%, 4, 0, 2, 382.52, 1780903, 52
4343, 0, 0, 28, 27, 1, 0.08%, 4, 0, 2, 373.32, 1782779, 52
4348, 0, 0, 28, 27, 1, 0.08%, 4, 0, 2, 356.76, 1784627, 52
4353, 0, 0, 28, 27, 1, 0.08%, 4, 0, 2, 371.30, 1786552, 52
4358, 0, 0, 28, 27, 1, 0.08%, 4, 0, 2, 389.38, 1788575, 52
4363, 0, 0, 28, 27, 1, 0.08%, 4, 0, 2, 408.83, 1790717, 52
4368, 0, 0, 28, 27, 1, 0.08%, 4, 0, 2, 402.05, 1792715, 52
4373, 0, 0, 28, 27, 1, 0.08%, 4, 0, 2, 367.14, 1794595, 52
4378, 0, 0, 28, 27, 1, 0.08%, 4, 0, 2, 397.54, 1796674, 52
4384, 0, 0, 28, 27, 1, 0.08%, 4, 0, 2, 356.49, 1798501, 52
4389, 0, 0, 28, 27, 1, 0.08%, 4, 0, 2, 354.49, 1800321, 52
4394, 0, 0, 28, 27, 1, 0.08%, 4, 0, 2, 353.73, 1802211, 52
4399, 0, 0, 28, 27, 1, 0.08%, 4, 0, 2, 382.35, 1804185, 52
4404, 0, 0, 28, 27, 1, 0.08%, 4, 0, 2, 365.05, 1806047, 52
4409, 0, 0, 28, 27, 1, 0.08%, 4, 0, 2, 396.41, 1808049, 52
4415, 0, 0, 28, 27, 1, 0.08%, 4, 0, 2, 380.17, 1809967, 52
4420, 0, 0, 28, 27, 1, 0.08%, 4, 0, 2, 384.10, 1811906, 52
4425, 0, 0, 28, 27, 1, 0.08%, 4, 0, 2, 375.35, 1813859, 52
4430, 0, 0, 28, 27, 1, 0.08%, 4, 0, 2, 401.80, 1815910, 52
4435, 0, 0, 28, 27, 1, 0.08%, 4, 0, 2, 360.39, 1817709, 52
4440, 0, 0, 28, 27, 1, 0.08%, 4, 0, 2, 387.29, 1819739, 52
4445, 0, 0, 28, 27, 1, 0.08%, 4, 0, 2, 385.49, 1821671, 52
4450, 0, 0, 28, 27, 1, 0.08%, 4, 0, 2, 393.61, 1823708, 52
4456, 0, 0, 28, 27, 1, 0.08%, 4, 0, 2, 376.45, 1825549, 52
4461, 0, 0, 28, 27, 1, 0.08%, 4, 0, 2, 341.98, 1827303, 52
4466, 0, 0, 28, 27, 1, 0.08%, 4, 0, 2, 364.14, 1829217, 52
4471, 0, 0, 28, 27, 1, 0.08%, 4, 0, 2, 355.03, 1831093, 52
4476, 0, 0, 28, 27, 1, 0.08%, 4, 0, 2, 396.69, 1833137, 52
4481, 0, 0, 28, 27, 1, 0.08%, 4, 0, 2, 394.01, 1835104, 52
4486, 0, 0, 28, 27, 1, 0.08%, 4, 0, 2, 357.42, 1836924, 52
4492, 0, 0, 28, 27, 1, 0.08%, 4, 0, 2, 383.80, 1838877, 52
4497, 0, 0, 28, 27, 1, 0.08%, 4, 0, 2, 363.24, 1840732, 52
4502, 0, 0, 28, 27, 1, 0.08%, 4, 0, 2, 362.76, 1842524, 52
4507, 0, 0, 28, 27, 1, 0.08%, 4, 0, 2, 379.61, 1844498, 52
4512, 0, 0, 28, 27, 1, 0.08%, 4, 0, 2, 348.89, 1846304, 52
4517, 0, 0, 28, 27, 1, 0.08%, 4, 0, 2, 365.83, 1848194, 52
4522, 0, 0, 28, 27, 1, 0.08%, 4, 0, 2, 392.03, 1850252, 52
4527, 0, 0, 28, 27, 1, 0.08%, 4, 0, 2, 362.37, 1852051, 52
4532, 0, 0, 28, 27, 1, 0.08%, 4, 0, 2, 370.63, 1853927, 52
4538, 0, 0, 28, 27, 1, 0.08%, 4, 0, 2, 402.75, 1856035, 52
4543, 0, 0, 28, 27, 1, 0.08%, 4, 0, 2, 396.65, 1858015, 52
4548, 0, 0, 28, 27, 1, 0.08%, 4, 0, 2, 424.40, 1860115, 52
4553, 0, 0, 28, 27, 1, 0.08%, 4, 0, 2, 381.26, 1862026, 52
4558, 0, 0, 28, 27, 1, 0.08%, 4, 0, 2, 380.42, 1863937, 52
4563, 0, 0, 28, 27, 1, 0.08%, 4, 0, 2, 402.41, 1866009, 52
4568, 0, 0, 28, 27, 1, 0.08%, 4, 0, 2, 367.33, 1867794, 52
4573, 0, 0, 28, 27, 1, 0.08%, 4, 0, 2, 390.59, 1869817, 52
4578, 0, 0, 28, 27, 1, 0.08%, 4, 0, 2, 397.33, 1871756, 52
4583, 0, 0, 28, 27, 1, 0.08%, 4, 0, 2, 397.62, 1873786, 52
4588, 0, 0, 28, 27, 1, 0.08%, 4, 0, 2, 393.62, 1875771, 52
4594, 0, 0, 28, 27, 1, 0.08%, 4, 0, 2, 386.18, 1877664, 52
4599, 0, 0, 28, 27, 1, 0.08%, 4, 0, 2, 389.40, 1879771, 52
4604, 0, 0, 28, 27, 1, 0.08%, 4, 0, 2, 360.26, 1881668, 52
4609, 0, 0, 28, 27, 1, 0.08%, 4, 0, 2, 376.80, 1883579, 52
4614, 0, 0, 28, 27, 1, 0.08%, 4, 0, 2, 420.09, 1885731, 52
4619, 0, 0, 28, 27, 1, 0.08%, 4, 0, 2, 381.09, 1887583, 52
4625, 0, 0, 28, 27, 1, 0.08%, 4, 0, 2, 405.58, 1889747, 52
4630, 0, 0, 28, 27, 1, 0.08%, 4, 0, 2, 388.86, 1891671, 52
4635, 0, 0, 28, 27, 1, 0.08%, 4, 0, 2, 367.89, 1893589, 52
4640, 0, 0, 28, 27, 1, 0.08%, 4, 0, 2, 347.24, 1895367, 52
4645, 0, 0, 28, 27, 1, 0.08%, 4, 0, 2, 389.25, 1897418, 52
4650, 0, 0, 28, 27, 1, 0.08%, 4, 0, 2, 407.51, 1899448, 52
4655, 0, 0, 28, 27, 1, 0.08%, 4, 0, 2, 385.05, 1901380, 52
4660, 0, 0, 28, 27, 1, 0.08%, 4, 0, 2, 381.03, 1903270, 52
4666, 0, 0, 28, 27, 1, 0.08%, 4, 0, 2, 367.16, 1905083, 52
4671, 0, 0, 28, 27, 1, 0.08%, 4, 0, 2, 378.32, 1907099, 52
4676, 0, 0, 28, 27, 1, 0.08%, 4, 0, 2, 378.41, 1909010, 52
4681, 0, 0, 28, 27, 1, 0.08%, 4, 0, 2, 399.63, 1911012, 52
4686, 0, 0, 28, 27, 1, 0.08%, 4, 0, 2, 392.66, 1912993, 52
4691, 0, 0, 28, 27, 1, 0.08%, 4, 0, 2, 373.77, 1914841, 52
4696, 0, 0, 28, 27, 1, 0.08%, 4, 0, 2, 388.98, 1916920, 52
4701, 0, 0, 28, 27, 1, 0.08%, 4, 0, 2, 418.50, 1918964, 52
4707, 0, 0, 28, 27, 1, 0.08%, 4, 0, 2, 377.32, 1920868, 52
4712, 0, 0, 28, 27, 1, 0.08%, 4, 0, 2, 389.68, 1922863, 52
4717, 0, 0, 28, 27, 1, 0.08%, 4, 0, 2, 391.86, 1924893, 52
4722, 0, 0, 28, 27, 1, 0.08%, 4, 0, 2, 378.67, 1926888, 52
4727, 0, 0, 28, 27, 1, 0.08%, 4, 0, 2, 385.29, 1928904, 52
4732, 0, 0, 28, 27, 1, 0.08%, 4, 0, 2, 370.59, 1930780, 52
4738, 0, 0, 28, 27, 1, 0.08%, 4, 0, 2, 366.49, 1932712, 52
4743, 0, 0, 28, 27, 1, 0.08%, 4, 0, 2, 378.20, 1934728, 52
4748, 0, 0, 28, 27, 1, 0.08%, 4, 0, 2, 334.95, 1936461, 52
4753, 0, 0, 28, 27, 1, 0.08%, 4, 0, 2, 341.63, 1938165, 52
4758, 0, 0, 28, 27, 1, 0.08%, 4, 0, 2, 332.86, 1939893, 52
4763, 0, 0, 28, 27, 1, 0.08%, 4, 0, 2, 352.85, 1941700, 52
4768, 0, 0, 28, 27, 1, 0.08%, 4, 0, 2, 337.07, 1943349, 52
4773, 0, 0, 28, 27, 1, 0.08%, 4, 0, 2, 342.11, 1945125, 52
4778, 0, 0, 28, 27, 1, 0.08%, 4, 0, 2, 369.33, 1947055, 52
4784, 0, 0, 28, 27, 1, 0.08%, 4, 0, 2, 350.11, 1948847, 52
4789, 0, 0, 28, 27, 1, 0.08%, 4, 0, 2, 372.85, 1950765, 52
4794, 0, 0, 28, 27, 1, 0.08%, 4, 0, 2, 349.95, 1952585, 52
4799, 0, 0, 28, 27, 1, 0.08%, 4, 0, 2, 330.62, 1954251, 52
4804, 0, 0, 28, 27, 1, 0.08%, 4, 0, 2, 369.86, 1956169, 52
4809, 0, 0, 28, 27, 1, 0.08%, 4, 0, 2, 356.07, 1957929, 52
4815, 0, 0, 28, 27, 1, 0.08%, 4, 0, 2, 358.22, 1959760, 52
4820, 0, 0, 28, 27, 1, 0.08%, 4, 0, 2, 350.07, 1961475, 52
4825, 0, 0, 28, 27, 1, 0.08%, 4, 0, 2, 333.54, 1963131, 52
4830, 0, 0, 28, 27, 1, 0.08%, 4, 0, 2, 364.01, 1965031, 52
4835, 0, 0, 28, 27, 1, 0.08%, 4, 0, 2, 360.38, 1966823, 52
4840, 0, 0, 28, 27, 1, 0.08%, 4, 0, 2, 368.87, 1968839, 52
4845, 0, 0, 28, 27, 1, 0.08%, 4, 0, 2, 340.58, 1970553, 52
4850, 0, 0, 28, 27, 1, 0.08%, 4, 0, 2, 330.45, 1972203, 52
4855, 0, 0, 28, 27, 1, 0.08%, 4, 0, 2, 342.90, 1974061, 52
4861, 0, 0, 28, 27, 1, 0.08%, 4, 0, 2, 364.95, 1975937, 52
4866, 0, 0, 28, 27, 1, 0.08%, 4, 0, 2, 373.84, 1977876, 52
4871, 0, 0, 28, 27, 1, 0.08%, 4, 0, 2, 374.88, 1979780, 52
4876, 0, 0, 28, 27, 1, 0.08%, 4, 0, 2, 362.38, 1981621, 52
4881, 0, 0, 28, 27, 1, 0.08%, 4, 0, 2, 317.45, 1983231, 52
4886, 0, 0, 28, 27, 1, 0.08%, 4, 0, 2, 331.62, 1984977, 52
4891, 0, 0, 28, 27, 1, 0.08%, 4, 0, 2, 337.62, 1986729, 52
4896, 0, 0, 28, 27, 1, 0.08%, 4, 0, 2, 356.67, 1988511, 52
4902, 0, 0, 28, 27, 1, 0.08%, 4, 0, 2, 357.55, 1990238, 52
4907, 0, 0, 28, 27, 1, 0.08%, 4, 0, 2, 348.93, 1992033, 52
4912, 0, 0, 28, 27, 1, 0.08%, 4, 0, 2, 352.23, 1993836, 52
4917, 0, 0, 28, 27, 1, 0.08%, 4, 0, 2, 365.18, 1995740, 52
4922, 0, 0, 28, 27, 1, 0.08%, 4, 0, 2, 366.89, 1997595, 52
4927, 0, 0, 28, 27, 1, 0.08%, 4, 0, 2, 335.17, 1999245, 52
4932, 0, 0, 28, 27, 1, 0.08%, 4, 0, 2, 329.86, 2000937, 52
4937, 0, 0, 28, 27, 1, 0.08%, 4, 0, 2, 341.52, 2002725, 52
4942, 0, 0, 28, 27, 1, 0.08%, 4, 0, 2, 324.13, 2004351, 52
4947, 0, 0, 28, 27, 1, 0.08%, 4, 0, 2, 361.60, 2006310, 52
4952, 0, 0, 28, 27, 1, 0.08%, 4, 0, 2, 377.94, 2008221, 52
4957, 0, 0, 28, 27, 1, 0.08%, 4, 0, 2, 375.04, 2010139, 52
4963, 0, 0, 28, 27, 1, 0.08%, 4, 0, 2, 355.79, 2011973, 52
4968, 0, 0, 28, 27, 1, 0.08%, 4, 0, 2, 382.71, 2013996, 52
4973, 0, 0, 28, 27, 1, 0.08%, 4, 0, 2, 366.60, 2015886, 52
4978, 0, 0, 28, 27, 1, 0.08%, 4, 0, 2, 366.16, 2017783, 52
4983, 0, 0, 28, 27, 1, 0.08%, 4, 0, 2, 371.43, 2019603, 52
4988, 0, 0, 28, 27, 1, 0.08%, 4, 0, 2, 369.25, 2021458, 52
4993, 0, 0, 28, 27, 1, 0.08%, 4, 0, 2, 406.63, 2023460, 52
4999, 0, 0, 28, 27, 1, 0.08%, 4, 0, 2, 348.54, 2025189, 52
5004, 0, 0, 28, 27, 1, 0.08%, 4, 0, 2, 366.81, 2027086, 52
5009, 0, 0, 28, 27, 1, 0.08%, 4, 0, 2, 390.70, 2029039, 52
5014, 0, 0, 28, 27, 1, 0.08%, 4, 0, 2, 403.29, 2031125, 52
5019, 0, 0, 28, 27, 1, 0.08%, 4, 0, 2, 365.81, 2032931, 52
5024, 0, 0, 28, 27, 1, 0.08%, 4, 0, 2, 377.93, 2034842, 52
5029, 0, 0, 28, 27, 1, 0.08%, 4, 0, 2, 371.89, 2036774, 52
5034, 0, 0, 28, 27, 1, 0.08%, 4, 0, 2, 361.55, 2038664, 52
5039, 0, 0, 28, 27, 1, 0.08%, 4, 0, 2, 376.22, 2040519, 52
5045, 0, 0, 28, 27, 1, 0.08%, 4, 0, 2, 385.74, 2042542, 52
5050, 0, 0, 28, 27, 1, 0.08%, 4, 0, 2, 368.16, 2044369, 52
5055, 0, 0, 28, 27, 1, 0.08%, 4, 0, 2, 382.63, 2046343, 52
5060, 0, 0, 28, 27, 1, 0.08%, 4, 0, 2, 351.89, 2048128, 52
5065, 0, 0, 28, 27, 1, 0.08%, 4, 0, 2, 351.42, 2049927, 52
5070, 0, 0, 28, 27, 1, 0.08%, 4, 0, 2, 382.96, 2051894, 52
5075, 0, 0, 28, 27, 1, 0.08%, 4, 0, 2, 354.75, 2053707, 52
5081, 0, 0, 28, 27, 1, 0.08%, 4, 0, 2, 357.40, 2055576, 52
5086, 0, 0, 28, 27, 1, 0.08%, 4, 0, 2, 363.60, 2057431, 52
5091, 0, 0, 28, 27, 1, 0.08%, 4, 0, 2, 378.80, 2059419, 52
5096, 0, 0, 28, 27, 1, 0.08%, 4, 0, 2, 361.24, 2061171, 52
5101, 0, 0, 28, 27, 1, 0.08%, 4, 0, 2, 414.53, 2063259, 52
5106, 0, 0, 28, 27, 1, 0.08%, 4, 0, 2, 396.73, 2065229, 52
5111, 0, 0, 28, 27, 1, 0.08%, 4, 0, 2, 405.85, 2067299, 52
5116, 0, 0, 28, 27, 1, 0.08%, 4, 0, 2, 370.97, 2069142, 52
5121, 0, 0, 28, 27, 1, 0.08%, 4, 0, 2, 375.65, 2071025, 52
5126, 0, 0, 28, 27, 1, 0.08%, 4, 0, 2, 370.00, 2072950, 52
5131, 0, 0, 28, 27, 1, 0.08%, 4, 0, 2, 392.99, 2074923, 52
5137, 0, 0, 28, 27, 1, 0.08%, 4, 0, 2, 380.12, 2076842, 52
5142, 0, 0, 28, 27, 1, 0.08%, 4, 0, 2, 384.52, 2078725, 52
5147, 0, 0, 28, 27, 1, 0.08%, 4, 0, 2, 356.89, 2080587, 52
5152, 0, 0, 28, 27, 1, 0.08%, 4, 0, 2, 352.84, 2082379, 52
5157, 0, 0, 28, 27, 1, 0.08%, 4, 0, 2, 382.24, 2084402, 52
5162, 0, 0, 28, 27, 1, 0.08%, 4, 0, 2, 393.42, 2086443, 52
5167, 0, 0, 28, 27, 1, 0.08%, 4, 0, 2, 401.98, 2088462, 52
5172, 0, 0, 28, 27, 1, 0.08%, 4, 0, 2, 393.89, 2090394, 52
5178, 0, 0, 28, 27, 1, 0.08%, 4, 0, 2, 365.57, 2092270, 52
5183, 0, 0, 28, 27, 1, 0.08%, 4, 0, 2, 384.85, 2094286, 52
5188, 0, 0, 28, 27, 1, 0.08%, 4, 0, 2, 372.95, 2096190, 52
5193, 0, 0, 28, 27, 1, 0.08%, 4, 0, 2, 381.03, 2098052, 52
5198, 0, 0, 28, 27, 1, 0.08%, 4, 0, 2, 390.26, 2100067, 52
5203, 0, 0, 28, 27, 1, 0.08%, 4, 0, 2, 344.93, 2101827, 52
5208, 0, 0, 28, 27, 1, 0.08%, 4, 0, 2, 377.73, 2103799, 52
5214, 0, 0, 28, 27, 1, 0.08%, 4, 0, 2, 364.32, 2105738, 52
5219, 0, 0, 28, 27, 1, 0.08%, 4, 0, 2, 369.28, 2107649, 52
5224, 0, 0, 28, 27, 1, 0.08%, 4, 0, 2, 384.30, 2109609, 52
5229, 0, 0, 28, 27, 1, 0.08%, 4, 0, 2, 350.54, 2111422, 52
5234, 0, 0, 28, 27, 1, 0.08%, 4, 0, 2, 363.95, 2113361, 52
5239, 0, 0, 28, 27, 1, 0.08%, 4, 0, 2, 383.02, 2115286, 52
5244, 0, 0, 28, 27, 1, 0.08%, 4, 0, 2, 383.23, 2117204, 52
5249, 0, 0, 28, 27, 1, 0.08%, 4, 0, 2, 387.61, 2119241, 52
5255, 0, 0, 28, 27, 1, 0.08%, 4, 0, 2, 406.08, 2121334, 52
5260, 0, 0, 28, 27, 1, 0.08%, 4, 0, 2, 383.46, 2123175, 52
5265, 0, 0, 28, 27, 1, 0.08%, 4, 0, 2, 361.51, 2125023, 52
5270, 0, 0, 28, 27, 1, 0.08%, 4, 0, 2, 370.63, 2126913, 52
5275, 0, 0, 28, 27, 1, 0.08%, 4, 0, 2, 379.39, 2128810, 52
5280, 0, 0, 28, 27, 1, 0.08%, 4, 0, 2, 380.35, 2130735, 52
5285, 0, 0, 28, 27, 1, 0.08%, 4, 0, 2, 414.86, 2132835, 52
5290, 0, 0, 28, 27, 1, 0.08%, 4, 0, 2, 382.91, 2134816, 52
5296, 0, 0, 28, 27, 1, 0.08%, 4, 0, 2, 379.27, 2136783, 52
5301, 0, 0, 28, 27, 1, 0.08%, 4, 0, 2, 382.10, 2138687, 52
5306, 0, 0, 28, 27, 1, 0.08%, 4, 0, 2, 356.37, 2140577, 52
5311, 0, 0, 28, 27, 1, 0.08%, 4, 0, 2, 347.06, 2142309, 52
5316, 0, 0, 28, 27, 1, 0.08%, 4, 0, 2, 318.82, 2143923, 52
5321, 0, 0, 28, 27, 1, 0.08%, 4, 0, 2, 337.06, 2145657, 52
5326, 0, 0, 28, 27, 1, 0.08%, 4, 0, 2, 345.71, 2147499, 52
5332, 0, 0, 28, 27, 1, 0.08%, 4, 0, 2, 352.92, 2149257, 52
5337, 0, 0, 28, 27, 1, 0.08%, 4, 0, 2, 341.53, 2150991, 52
5342, 0, 0, 28, 27, 1, 0.08%, 4, 0, 2, 348.54, 2152778, 52
5347, 0, 0, 28, 27, 1, 0.08%, 4, 0, 2, 351.14, 2154585, 52
5352, 0, 0, 28, 27, 1, 0.08%, 4, 0, 2, 380.39, 2156537, 52
5357, 0, 0, 28, 27, 1, 0.08%, 4, 0, 2, 356.50, 2158336, 52
5362, 0, 0, 28, 27, 1, 0.08%, 4, 0, 2, 349.13, 2160117, 52
5367, 0, 0, 28, 27, 1, 0.08%, 4, 0, 2, 330.81, 2161815, 52
5373, 0, 0, 28, 27, 1, 0.08%, 4, 0, 2, 367.02, 2163726, 52
5378, 0, 0, 28, 27, 1, 0.08%, 4, 0, 2, 344.64, 2165565, 52
5383, 0, 0, 28, 27, 1, 0.08%, 4, 0, 2, 338.32, 2167275, 52
5388, 0, 0, 28, 27, 1, 0.08%, 4, 0, 2, 376.47, 2169151, 52
5393, 0, 0, 28, 27, 1, 0.08%, 4, 0, 2, 384.99, 2171125, 52
5398, 0, 0, 28, 27, 1, 0.08%, 4, 0, 2, 409.26, 2173251, 52
5403, 0, 0, 28, 27, 1, 0.08%, 4, 0, 2, 394.47, 2175206, 52
5408, 0, 0, 28, 27, 1, 0.08%, 4, 0, 2, 417.17, 2177299, 52
5414, 0, 0, 28, 27, 1, 0.08%, 4, 0, 2, 390.35, 2179245, 52
5419, 0, 0, 28, 27, 1, 0.08%, 4, 0, 2, 377.20, 2181177, 52
5424, 0, 0, 28, 27, 1, 0.08%, 4, 0, 2, 384.08, 2183186, 52
5429, 0, 0, 28, 27, 1, 0.08%, 4, 0, 2, 397.96, 2185251, 52
5434, 0, 0, 28, 27, 1, 0.08%, 4, 0, 2, 375.71, 2187204, 52
5439, 0, 0, 28, 27, 1, 0.08%, 4, 0, 2, 372.92, 2189185, 52
5444, 0, 0, 28, 27, 1, 0.08%, 4, 0, 2, 369.44, 2191068, 52
5449, 0, 0, 28, 27, 1, 0.08%, 4, 0, 2, 373.74, 2192993, 52
5455, 0, 0, 28, 27, 1, 0.08%, 4, 0, 2, 384.22, 2194897, 52
5460, 0, 0, 28, 27, 1, 0.08%, 4, 0, 2, 334.33, 2196537, 52
5465, 0, 0, 28, 27, 1, 0.08%, 4, 0, 2, 366.18, 2198411, 52
5470, 0, 0, 28, 27, 1, 0.08%, 4, 0, 2, 345.72, 2200119, 52
5475, 0, 0, 28, 27, 1, 0.08%, 4, 0, 2, 363.45, 2202030, 52
5480, 0, 0, 28, 27, 1, 0.08%, 4, 0, 2, 357.89, 2203887, 52
5485, 0, 0, 28, 27, 1, 0.08%, 4, 0, 2, 325.22, 2205501, 52
5490, 0, 0, 28, 27, 1, 0.08%, 4, 0, 2, 344.20, 2207265, 52
5495, 0, 0, 28, 27, 1, 0.08%, 4, 0, 2, 385.28, 2209254, 52
5501, 0, 0, 28, 27, 1, 0.08%, 4, 0, 2, 343.64, 2210973, 52
5506, 0, 0, 28, 27, 1, 0.08%, 4, 0, 2, 363.81, 2212936, 52
5511, 0, 0, 28, 27, 1, 0.08%, 4, 0, 2, 377.25, 2214875, 52
5516, 0, 0, 28, 27, 1, 0.08%, 4, 0, 2, 377.76, 2216779, 52
5521, 0, 0, 28, 27, 1, 0.08%, 4, 0, 2, 377.47, 2218823, 52
5526, 0, 0, 28, 27, 1, 0.08%, 4, 0, 2, 357.66, 2220629, 52
5531, 0, 0, 28, 27, 1, 0.08%, 4, 0, 2, 332.69, 2222301, 52
5537, 0, 0, 28, 27, 1, 0.08%, 4, 0, 2, 353.35, 2224137, 52
5542, 0, 0, 28, 27, 1, 0.08%, 4, 0, 2, 321.72, 2225691, 52
5547, 0, 0, 28, 27, 1, 0.08%, 4, 0, 2, 324.89, 2227389, 52
5552, 0, 0, 28, 27, 1, 0.08%, 4, 0, 2, 342.02, 2229195, 52
5557, 0, 0, 28, 27, 1, 0.08%, 4, 0, 2, 363.80, 2231115, 52
5562, 0, 0, 28, 27, 1, 0.08%, 4, 0, 2, 359.19, 2232921, 52
5567, 0, 0, 28, 27, 1, 0.08%, 4, 0, 2, 383.05, 2234916, 52
5572, 0, 0, 28, 27, 1, 0.08%, 4, 0, 2, 393.15, 2236925, 52
5578, 0, 0, 28, 27, 1, 0.08%, 4, 0, 2, 401.85, 2238979, 52
5583, 0, 0, 28, 27, 1, 0.08%, 4, 0, 2, 390.14, 2241006, 52
5588, 0, 0, 28, 27, 1, 0.08%, 4, 0, 2, 385.24, 2243022, 52
5593, 0, 0, 28, 27, 1, 0.08%, 4, 0, 2, 358.70, 2244821, 52
5598, 0, 0, 28, 27, 1, 0.08%, 4, 0, 2, 391.51, 2246830, 52
5603, 0, 0, 28, 27, 1, 0.08%, 4, 0, 2, 374.76, 2248664, 52
5608, 0, 0, 28, 27, 1, 0.08%, 4, 0, 2, 369.35, 2250533, 52
5613, 0, 0, 28, 27, 1, 0.08%, 4, 0, 2, 366.59, 2252395, 52
5619, 0, 0, 28, 27, 1, 0.08%, 4, 0, 2, 351.60, 2254208, 52
5624, 0, 0, 28, 27, 1, 0.08%, 4, 0, 2, 347.73, 2255961, 52
5629, 0, 0, 28, 27, 1, 0.08%, 4, 0, 2, 388.36, 2257925, 52
5634, 0, 0, 28, 27, 1, 0.08%, 4, 0, 2, 399.68, 2260051, 52
5639, 0, 0, 28, 27, 1, 0.08%, 4, 0, 2, 399.50, 2262011, 52
5644, 0, 0, 28, 27, 1, 0.08%, 4, 0, 2, 375.80, 2263917, 52
5649, 0, 0, 28, 27, 1, 0.08%, 4, 0, 2, 351.99, 2265741, 52
5654, 0, 0, 28, 27, 1, 0.08%, 4, 0, 2, 353.90, 2267606, 52
5660, 0, 0, 28, 27, 1, 0.08%, 4, 0, 2, 396.52, 2269678, 52
5665, 0, 0, 28, 27, 1, 0.08%, 4, 0, 2, 423.19, 2271803, 52
5670, 0, 0, 28, 27, 1, 0.08%, 4, 0, 2, 378.73, 2273752, 52
5675, 0, 0, 28, 27, 1, 0.08%, 4, 0, 2, 391.63, 2275768, 52
5680, 0, 0, 28, 27, 1, 0.08%, 4, 0, 2, 358.34, 2277504, 52
5685, 0, 0, 28, 27, 1, 0.08%, 4, 0, 2, 343.21, 2279359, 52
5690, 0, 0, 28, 27, 1, 0.08%, 4, 0, 2, 328.04, 2281095, 52
5695, 0, 0, 28, 27, 1, 0.08%, 4, 0, 2, 339.20, 2282853, 52
5700, 0, 0, 28, 27, 1, 0.08%, 4, 0, 2, 381.45, 2284819, 52
5705, 0, 0, 28, 27, 1, 0.08%, 4, 0, 2, 357.23, 2286590, 52
5710, 0, 0, 28, 27, 1, 0.08%, 4, 0, 2, 369.88, 2288515, 52
5716, 0, 0, 28, 27, 1, 0.08%, 4, 0, 2, 391.92, 2290538, 52
5721, 0, 0, 28, 27, 1, 0.08%, 4, 0, 2, 400.86, 2292645, 52
5726, 0, 0, 28, 27, 1, 0.08%, 4, 0, 2, 384.26, 2294598, 52
5731, 0, 0, 28, 27, 1, 0.08%, 4, 0, 2, 384.10, 2296523, 52
5736, 0, 0, 28, 27, 1, 0.08%, 4, 0, 2, 389.81, 2298462, 52
5741, 0, 0, 28, 27, 1, 0.08%, 4, 0, 2, 389.82, 2300422, 52
5746, 0, 0, 28, 27, 1, 0.08%, 4, 0, 2, 374.45, 2302326, 52
5752, 0, 0, 28, 27, 1, 0.08%, 4, 0, 2, 350.81, 2304174, 52
5757, 0, 0, 28, 27, 1, 0.08%, 4, 0, 2, 334.99, 2305893, 52
5762, 0, 0, 28, 27, 1, 0.08%, 4, 0, 2, 339.36, 2307663, 52
5767, 0, 0, 28, 27, 1, 0.08%, 4, 0, 2, 363.83, 2309592, 52
5772, 0, 0, 28, 27, 1, 0.08%, 4, 0, 2, 381.30, 2311650, 52
5777, 0, 0, 28, 27, 1, 0.08%, 4, 0, 2, 396.67, 2313659, 52
5782, 0, 0, 28, 27, 1, 0.08%, 4, 0, 2, 394.04, 2315612, 52
5788, 0, 0, 28, 27, 1, 0.08%, 4, 0, 2, 359.64, 2317348, 52
5793, 0, 0, 28, 27, 1, 0.08%, 4, 0, 2, 380.77, 2319378, 52
5798, 0, 0, 28, 27, 1, 0.08%, 4, 0, 2, 387.79, 2321366, 52
5803, 0, 0, 28, 27, 1, 0.08%, 4, 0, 2, 371.46, 2323249, 52
5808, 0, 0, 28, 27, 1, 0.08%, 4, 0, 2, 381.71, 2325279, 52
5813, 0, 0, 28, 27, 1, 0.08%, 4, 0, 2, 359.36, 2327113, 52
5818, 0, 0, 28, 27, 1, 0.08%, 4, 0, 2, 371.93, 2328989, 52
5823, 0, 0, 28, 27, 1, 0.08%, 4, 0, 2, 378.71, 2331019, 52
5828, 0, 0, 28, 27, 1, 0.08%, 4, 0, 2, 366.57, 2332874, 52
5833, 0, 0, 28, 27, 1, 0.08%, 4, 0, 2, 391.55, 2334876, 52
5839, 0, 0, 28, 27, 1, 0.08%, 4, 0, 2, 366.28, 2336752, 52
5844, 0, 0, 28, 27, 1, 0.08%, 4, 0, 2, 365.68, 2338572, 52
5849, 0, 0, 28, 27, 1, 0.08%, 4, 0, 2, 348.48, 2340308, 52
5854, 0, 0, 28, 27, 1, 0.08%, 4, 0, 2, 375.18, 2342219, 52
5859, 0, 0, 28, 27, 1, 0.08%, 4, 0, 2, 370.51, 2344151, 52
5865, 0, 0, 28, 27, 1, 0.08%, 4, 0, 2, 389.78, 2346188, 52
5870, 0, 0, 28, 27, 1, 0.08%, 4, 0, 2, 384.89, 2348162, 52
5875, 0, 0, 28, 27, 1, 0.08%, 4, 0, 2, 373.32, 2350045, 52
5880, 0, 0, 28, 27, 1, 0.08%, 4, 0, 2, 380.41, 2352026, 52
5885, 0, 0, 28, 27, 1, 0.08%, 4, 0, 2, 391.77, 2354077, 52
5890, 0, 0, 28, 27, 1, 0.08%, 4, 0, 2, 384.00, 2355974, 52
5895, 0, 0, 28, 27, 1, 0.08%, 4, 0, 2, 372.10, 2357899, 52
5900, 0, 0, 28, 27, 1, 0.08%, 4, 0, 2, 380.95, 2359810, 52
5906, 0, 0, 28, 27, 1, 0.08%, 4, 0, 2, 374.87, 2361686, 52
5911, 0, 0, 28, 27, 1, 0.08%, 4, 0, 2, 378.51, 2363646, 52
5916, 0, 0, 28, 27, 1, 0.08%, 4, 0, 2, 354.58, 2365473, 52
5921, 0, 0, 28, 27, 1, 0.08%, 4, 0, 2, 385.25, 2367573, 52
5926, 0, 0, 28, 27, 1, 0.08%, 4, 0, 2, 393.16, 2369568, 52
5931, 0, 0, 28, 27, 1, 0.08%, 4, 0, 2, 345.00, 2371335, 52
5937, 0, 0, 28, 27, 1, 0.08%, 4, 0, 2, 358.00, 2373145, 52
5942, 0, 0, 28, 27, 1, 0.08%, 4, 0, 2, 386.39, 2375119, 52
5947, 0, 0, 28, 27, 1, 0.08%, 4, 0, 2, 396.46, 2377107, 52
5952, 0, 0, 28, 27, 1, 0.08%, 4, 0, 2, 402.70, 2379102, 52
5957, 0, 0, 28, 27, 1, 0.08%, 4, 0, 2, 367.80, 2381055, 52
5962, 0, 0, 28, 27, 1, 0.08%, 4, 0, 2, 379.16, 2383015, 52
5967, 0, 0, 28, 27, 1, 0.08%, 4, 0, 2, 369.93, 2384905, 52
5972, 0, 0, 28, 27, 1, 0.08%, 4, 0, 2, 369.24, 2386774, 52
5978, 0, 0, 28, 27, 1, 0.08%, 4, 0, 2, 376.79, 2388727, 52
5983, 0, 0, 28, 27, 1, 0.08%, 4, 0, 2, 346.15, 2390470, 52
5988, 0, 0, 28, 27, 1, 0.08%, 4, 0, 2, 345.00, 2392263, 52
5993, 0, 0, 28, 27, 1, 0.08%, 4, 0, 2, 391.29, 2394313, 52
5998, 0, 0, 28, 27, 1, 0.08%, 4, 0, 2, 396.00, 2396339, 52
6003, 0, 0, 28, 27, 1, 0.08%, 4, 0, 2, 348.95, 2398156, 52
6008, 0, 0, 28, 27, 1, 0.08%, 4, 0, 2, 348.03, 2399901, 52
6013, 0, 0, 28, 27, 1, 0.08%, 4, 0, 2, 406.04, 2402059, 52
6018, 0, 0, 28, 27, 1, 0.08%, 4, 0, 2, 388.10, 2404001, 52
6024, 0, 0, 28, 27, 1, 0.08%, 4, 0, 2, 371.14, 2405877, 52
6029, 0, 0, 28, 27, 1, 0.08%, 4, 0, 2, 382.60, 2407774, 52
6034, 0, 0, 28, 27, 1, 0.08%, 4, 0, 2, 389.85, 2409795, 52
6039, 0, 0, 28, 27, 1, 0.08%, 4, 0, 2, 381.17, 2411750, 52
6044, 0, 0, 28, 27, 1, 0.08%, 4, 0, 2, 382.00, 2413717, 52
6049, 0, 0, 28, 27, 1, 0.08%, 4, 0, 2, 359.14, 2415579, 52
6054, 0, 0, 28, 27, 1, 0.08%, 4, 0, 2, 399.05, 2417595, 52
6059, 0, 0, 28, 27, 1, 0.08%, 4, 0, 2, 363.59, 2419436, 52
6064, 0, 0, 28, 27, 1, 0.08%, 4, 0, 2, 380.56, 2421305, 52
6069, 0, 0, 28, 27, 1, 0.08%, 4, 0, 2, 374.35, 2423265, 52
6075, 0, 0, 28, 27, 1, 0.08%, 4, 0, 2, 397.11, 2425274, 52
6080, 0, 0, 28, 27, 1, 0.08%, 4, 0, 2, 366.24, 2427073, 52
6085, 0, 0, 28, 27, 1, 0.08%, 4, 0, 2, 367.38, 2428942, 52
6090, 0, 0, 28, 27, 1, 0.08%, 4, 0, 2, 369.36, 2430832, 52
6095, 0, 0, 28, 27, 1, 0.08%, 4, 0, 2, 370.66, 2432750, 52
6100, 0, 0, 28, 27, 1, 0.08%, 4, 0, 2, 372.35, 2434696, 52
6105, 0, 0, 28, 27, 1, 0.08%, 4, 0, 2, 367.69, 2436523, 52
6110, 0, 0, 28, 27, 1, 0.08%, 4, 0, 2, 368.14, 2438490, 52
6115, 0, 0, 28, 27, 1, 0.08%, 4, 0, 2, 381.92, 2440457, 52
6121, 0, 0, 28, 27, 1, 0.08%, 4, 0, 2, 403.97, 2442515, 52
6126, 0, 0, 28, 27, 1, 0.08%, 4, 0, 2, 381.49, 2444503, 52
6131, 0, 0, 28, 27, 1, 0.08%, 4, 0, 2, 371.32, 2446386, 52
6136, 0, 0, 28, 27, 1, 0.08%, 4, 0, 2, 367.36, 2448255, 52
6141, 0, 0, 28, 27, 1, 0.08%, 4, 0, 2, 356.71, 2450026, 52
6146, 0, 0, 28, 27, 1, 0.08%, 4, 0, 2, 386.44, 2452056, 52
6151, 0, 0, 28, 27, 1, 0.08%, 4, 0, 2, 399.97, 2454086, 52
6156, 0, 0, 28, 27, 1, 0.08%, 4, 0, 2, 392.15, 2456018, 52
6162, 0, 0, 28, 27, 1, 0.08%, 4, 0, 2, 391.90, 2458027, 52
6167, 0, 0, 28, 27, 1, 0.08%, 4, 0, 2, 403.24, 2460043, 52
6172, 0, 0, 28, 27, 1, 0.08%, 4, 0, 2, 378.24, 2462010, 52
6177, 0, 0, 28, 27, 1, 0.08%, 4, 0, 2, 373.42, 2463851, 52
6182, 0, 0, 28, 27, 1, 0.08%, 4, 0, 2, 360.54, 2465671, 52
6187, 0, 0, 28, 27, 1, 0.08%, 4, 0, 2, 383.18, 2467708, 52
6192, 0, 0, 28, 27, 1, 0.08%, 4, 0, 2, 376.56, 2469605, 52
6197, 0, 0, 28, 27, 1, 0.08%, 4, 0, 2, 342.37, 2471283, 52
6202, 0, 0, 28, 27, 1, 0.08%, 4, 0, 2, 396.24, 2473287, 52
6207, 0, 0, 28, 27, 1, 0.08%, 4, 0, 2, 367.96, 2475086, 52
6212, 0, 0, 28, 27, 1, 0.08%, 4, 0, 2, 376.28, 2476990, 52
6218, 0, 0, 28, 27, 1, 0.08%, 4, 0, 2, 358.70, 2478754, 52
6223, 0, 0, 28, 27, 1, 0.08%, 4, 0, 2, 356.25, 2480644, 52
6228, 0, 0, 28, 27, 1, 0.08%, 4, 0, 2, 390.38, 2482688, 52
6233, 0, 0, 28, 27, 1, 0.08%, 4, 0, 2, 359.62, 2484494, 52
6238, 0, 0, 28, 27, 1, 0.08%, 4, 0, 2, 389.59, 2486580, 52
6243, 0, 0, 28, 27, 1, 0.08%, 4, 0, 2, 429.29, 2488771, 52
6249, 0, 0, 28, 27, 1, 0.08%, 4, 0, 2, 407.22, 2490864, 52
6254, 0, 0, 28, 27, 1, 0.08%, 4, 0, 2, 383.07, 2492726, 52
6259, 0, 0, 28, 27, 1, 0.08%, 4, 0, 2, 396.76, 2494756, 52
6264, 0, 0, 28, 27, 1, 0.08%, 4, 0, 2, 392.76, 2496744, 52
6269, 0, 0, 28, 27, 1, 0.08%, 4, 0, 2, 379.16, 2498634, 52
6274, 0, 0, 28, 27, 1, 0.08%, 4, 0, 2, 348.15, 2500440, 52
6279, 0, 0, 28, 27, 1, 0.08%, 4, 0, 2, 404.03, 2502603, 52
6284, 0, 0, 28, 27, 1, 0.08%, 4, 0, 2, 349.94, 2504360, 52
6289, 0, 0, 28, 27, 1, 0.08%, 4, 0, 2, 376.90, 2506292, 52
6295, 0, 0, 28, 27, 1, 0.08%, 4, 0, 2, 392.54, 2508355, 52
6300, 0, 0, 28, 27, 1, 0.08%, 4, 0, 2, 384.58, 2510324, 52
6305, 0, 0, 28, 27, 1, 0.08%, 4, 0, 2, 390.81, 2512291, 52
6310, 0, 0, 28, 27, 1, 0.08%, 4, 0, 2, 376.90, 2514181, 52
6315, 0, 0, 28, 27, 1, 0.08%, 4, 0, 2, 349.60, 2515994, 52
6320, 0, 0, 28, 27, 1, 0.08%, 4, 0, 2, 375.67, 2517870, 52
6325, 0, 0, 28, 27, 1, 0.08%, 4, 0, 2, 376.57, 2519830, 52
6330, 0, 0, 28, 27, 1, 0.08%, 4, 0, 2, 376.16, 2521769, 52
6335, 0, 0, 28, 27, 1, 0.08%, 4, 0, 2, 371.44, 2523610, 52
6341, 0, 0, 28, 27, 1, 0.08%, 4, 0, 2, 389.71, 2525605, 52
6346, 0, 0, 28, 27, 1, 0.08%, 4, 0, 2, 391.80, 2527572, 52
6351, 0, 0, 28, 27, 1, 0.08%, 4, 0, 2, 356.79, 2529322, 52
6356, 0, 0, 28, 27, 1, 0.08%, 4, 0, 2, 386.78, 2531324, 52
6361, 0, 0, 28, 27, 1, 0.08%, 4, 0, 2, 390.83, 2533375, 52
6366, 0, 0, 28, 27, 1, 0.08%, 4, 0, 2, 373.77, 2535265, 52
6371, 0, 0, 28, 27, 1, 0.08%, 4, 0, 2, 418.80, 2537467, 52
6377, 0, 0, 28, 27, 1, 0.08%, 4, 0, 2, 426.39, 2539475, 52
6382, 0, 0, 28, 27, 1, 0.08%, 4, 0, 2, 397.26, 2541563, 52
6387, 0, 0, 28, 27, 1, 0.08%, 4, 0, 2, 371.81, 2543420, 52
6392, 0, 0, 28, 27, 1, 0.08%, 4, 0, 2, 355.16, 2545205, 52
6397, 0, 0, 28, 27, 1, 0.08%, 4, 0, 2, 375.51, 2547053, 52
6402, 0, 0, 28, 27, 1, 0.08%, 4, 0, 2, 385.22, 2549090, 52
6407, 0, 0, 28, 27, 1, 0.08%, 4, 0, 2, 367.39, 2551043, 52
6412, 0, 0, 28, 27, 1, 0.08%, 4, 0, 2, 395.67, 2553108, 52
6417, 0, 0, 28, 27, 1, 0.08%, 4, 0, 2, 378.62, 2554963, 52
6423, 0, 0, 28, 27, 1, 0.08%, 4, 0, 2, 373.93, 2556881, 52
6428, 0, 0, 28, 27, 1, 0.08%, 4, 0, 2, 369.48, 2558806, 52
6433, 0, 0, 28, 27, 1, 0.08%, 4, 0, 2, 380.59, 2560773, 52
6438, 0, 0, 28, 27, 1, 0.08%, 4, 0, 2, 382.04, 2562663, 52
6443, 0, 0, 28, 27, 1, 0.08%, 4, 0, 2, 360.12, 2564532, 52
6448, 0, 0, 28, 27, 1, 0.08%, 4, 0, 2, 329.14, 2566155, 52
6453, 0, 0, 28, 27, 1, 0.08%, 4, 0, 2, 329.25, 2567865, 52
6458, 0, 0, 28, 27, 1, 0.08%, 4, 0, 2, 357.67, 2569726, 52
6464, 0, 0, 28, 27, 1, 0.08%, 4, 0, 2, 396.13, 2571907, 52
6469, 0, 0, 28, 27, 1, 0.08%, 4, 0, 2, 367.21, 2573758, 52
6474, 0, 0, 28, 27, 1, 0.08%, 4, 0, 2, 359.93, 2575655, 52
6479, 0, 0, 28, 27, 1, 0.08%, 4, 0, 2, 374.13, 2577580, 52
6484, 0, 0, 28, 27, 1, 0.08%, 4, 0, 2, 373.60, 2579512, 52
6489, 0, 0, 28, 27, 1, 0.08%, 4, 0, 2, 375.75, 2581479, 52
6494, 0, 0, 28, 27, 1, 0.08%, 4, 0, 2, 385.43, 2583579, 52
6500, 0, 0, 28, 27, 1, 0.08%, 4, 0, 2, 385.49, 2585553, 52
6505, 0, 0, 28, 27, 1, 0.08%, 4, 0, 2, 374.19, 2587373, 52
6510, 0, 0, 28, 27, 1, 0.08%, 4, 0, 2, 364.63, 2589270, 52
6515, 0, 0, 28, 27, 1, 0.08%, 4, 0, 2, 376.79, 2591153, 52
6520, 0, 0, 28, 27, 1, 0.08%, 4, 0, 2, 362.37, 2593029, 52
6525, 0, 0, 28, 27, 1, 0.08%, 4, 0, 2, 348.01, 2594877, 52
6530, 0, 0, 28, 27, 1, 0.08%, 4, 0, 2, 366.17, 2596823, 52
6535, 0, 0, 28, 27, 1, 0.08%, 4, 0, 2, 353.60, 2598552, 52
6540, 0, 0, 28, 27, 1, 0.08%, 4, 0, 2, 392.04, 2600568, 52
6545, 0, 0, 28, 27, 1, 0.08%, 4, 0, 2, 378.85, 2602528, 52
6551, 0, 0, 28, 27, 1, 0.08%, 4, 0, 2, 365.16, 2604390, 52
6556, 0, 0, 28, 27, 1, 0.08%, 4, 0, 2, 361.23, 2606259, 52
6561, 0, 0, 28, 27, 1, 0.08%, 4, 0, 2, 361.25, 2608149, 52
6566, 0, 0, 28, 27, 1, 0.08%, 4, 0, 2, 390.38, 2610186, 52
6571, 0, 0, 28, 27, 1, 0.08%, 4, 0, 2, 372.61, 2612153, 52
6576, 0, 0, 28, 27, 1, 0.08%, 4, 0, 2, 360.60, 2614029, 52
6582, 0, 0, 28, 27, 1, 0.08%, 4, 0, 2, 377.17, 2615996, 52
6587, 0, 0, 28, 27, 1, 0.08%, 4, 0, 2, 359.02, 2617816, 52
6592, 0, 0, 28, 27, 1, 0.08%, 4, 0, 2, 374.27, 2619818, 52
6597, 0, 0, 28, 27, 1, 0.08%, 4, 0, 2, 382.94, 2621869, 52
6602, 0, 0, 28, 27, 1, 0.08%, 4, 0, 2, 368.24, 2623640, 52
6607, 0, 0, 28, 27, 1, 0.08%, 4, 0, 2, 395.65, 2625684, 52
6612, 0, 0, 28, 27, 1, 0.08%, 4, 0, 2, 395.98, 2627672, 52
6618, 0, 0, 28, 27, 1, 0.08%, 4, 0, 2, 386.67, 2629681, 52
6623, 0, 0, 28, 27, 1, 0.08%, 4, 0, 2, 378.50, 2631613, 52
6628, 0, 0, 28, 27, 1, 0.08%, 4, 0, 2, 378.32, 2633601, 52
6633, 0, 0, 28, 27, 1, 0.08%, 4, 0, 2, 363.68, 2635407, 52
6638, 0, 0, 28, 27, 1, 0.08%, 4, 0, 2, 354.13, 2637241, 52
6643, 0, 0, 28, 27, 1, 0.08%, 4, 0, 2, 372.67, 2639222, 52
6649, 0, 0, 28, 27, 1, 0.08%, 4, 0, 2, 354.58, 2641084, 52
6654, 0, 0, 28, 27, 1, 0.08%, 4, 0, 2, 372.29, 2643107, 52
6659, 0, 0, 28, 27, 1, 0.08%, 4, 0, 2, 368.02, 2644934, 52
6664, 0, 0, 28, 27, 1, 0.08%, 4, 0, 2, 377.61, 2646838, 52
6669, 0, 0, 28, 27, 1, 0.08%, 4, 0, 2, 369.25, 2648721, 52
6674, 0, 0, 28, 27, 1, 0.08%, 4, 0, 2, 368.38, 2650534, 52
6679, 0, 0, 28, 27, 1, 0.08%, 4, 0, 2, 341.49, 2652235, 52
6684, 0, 0, 28, 27, 1, 0.08%, 4, 0, 2, 353.13, 2654069, 52
6689, 0, 0, 28, 27, 1, 0.08%, 4, 0, 2, 367.95, 2655959, 52
6694, 0, 0, 28, 27, 1, 0.08%, 4, 0, 2, 372.75, 2657898, 52
6700, 0, 0, 28, 27, 1, 0.08%, 4, 0, 2, 377.23, 2659795, 52
6705, 0, 0, 28, 27, 1, 0.08%, 4, 0, 2, 398.80, 2661958, 52
6710, 0, 0, 28, 27, 1, 0.08%, 4, 0, 2, 428.23, 2664171, 52
6715, 0, 0, 28, 27, 1, 0.08%, 4, 0, 2, 386.38, 2666088, 52
6720, 0, 0, 28, 27, 1, 0.08%, 4, 0, 2, 362.96, 2667929, 52
6725, 0, 0, 28, 27, 1, 0.08%, 4, 0, 2, 361.57, 2669868, 52
6730, 0, 0, 28, 27, 1, 0.08%, 4, 0, 2, 380.58, 2671926, 52
6735, 0, 0, 28, 27, 1, 0.08%, 4, 0, 2, 383.29, 2673872, 52
6741, 0, 0, 28, 27, 1, 0.08%, 4, 0, 2, 386.57, 2675874, 52
6746, 0, 0, 28, 27, 1, 0.08%, 4, 0, 2, 367.69, 2677715, 52
6751, 0, 0, 28, 27, 1, 0.08%, 4, 0, 2, 347.80, 2679489, 52
6756, 0, 0, 28, 27, 1, 0.08%, 4, 0, 2, 381.91, 2681481, 52
6761, 0, 0, 28, 27, 1, 0.08%, 4, 0, 2, 384.00, 2683399, 52
6766, 0, 0, 28, 27, 1, 0.08%, 4, 0, 2, 346.31, 2685212, 52
6771, 0, 0, 28, 27, 1, 0.08%, 4, 0, 2, 364.44, 2687109, 52
6776, 0, 0, 28, 27, 1, 0.08%, 4, 0, 2, 388.08, 2689118, 52
6782, 0, 0, 28, 27, 1, 0.08%, 4, 0, 2, 393.71, 2691120, 52
6787, 0, 0, 28, 27, 1, 0.08%, 4, 0, 2, 369.54, 2692933, 52
6792, 0, 0, 28, 27, 1, 0.08%, 4, 0, 2, 378.92, 2694914, 52
6797, 0, 0, 28, 27, 1, 0.08%, 4, 0, 2, 382.83, 2696832, 52
6802, 0, 0, 28, 27, 1, 0.08%, 4, 0, 2, 358.84, 2698673, 52
6807, 0, 0, 28, 27, 1, 0.08%, 4, 0, 2, 382.72, 2700633, 52
6812, 0, 0, 28, 27, 1, 0.08%, 4, 0, 2, 357.98, 2702446, 52
6817, 0, 0, 28, 27, 1, 0.08%, 4, 0, 2, 342.11, 2704149, 52
6822, 0, 0, 28, 27, 1, 0.08%, 4, 0, 2, 362.74, 2705960, 52
6827, 0, 0, 28, 27, 1, 0.08%, 4, 0, 2, 374.53, 2707801, 52
6832, 0, 0, 28, 27, 1, 0.08%, 4, 0, 2, 361.07, 2709705, 52
6838, 0, 0, 28, 27, 1, 0.08%, 4, 0, 2, 377.45, 2711623, 52
6843, 0, 0, 28, 27, 1, 0.08%, 4, 0, 2, 408.14, 2713627, 52
6848, 0, 0, 28, 27, 1, 0.08%, 4, 0, 2, 412.90, 2715707, 52
6853, 0, 0, 28, 27, 1, 0.08%, 4, 0, 2, 370.07, 2717580, 52
6858, 0, 0, 28, 27, 1, 0.08%, 4, 0, 2, 378.57, 2719470, 52
6863, 0, 0, 28, 27, 1, 0.08%, 4, 0, 2, 380.62, 2721430, 52
6868, 0, 0, 28, 27, 1, 0.08%, 4, 0, 2, 390.58, 2723411, 52
6873, 0, 0, 28, 27, 1, 0.08%, 4, 0, 2, 388.67, 2725371, 52
6879, 0, 0, 28, 27, 1, 0.08%, 4, 0, 2, 392.98, 2727471, 52
6884, 0, 0, 28, 27, 1, 0.08%, 4, 0, 2, 406.34, 2729651, 52
6889, 0, 0, 28, 27, 1, 0.08%, 4, 0, 2, 389.98, 2731587, 52
6894, 0, 0, 28, 27, 1, 0.08%, 4, 0, 2, 379.72, 2733547, 52
6899, 0, 0, 28, 27, 1, 0.08%, 4, 0, 2, 349.34, 2735353, 52
6904, 0, 0, 28, 27, 1, 0.08%, 4, 0, 2, 385.64, 2737418, 52
6909, 0, 0, 28, 27, 1, 0.08%, 4, 0, 2, 380.04, 2739392, 52
6915, 0, 0, 28, 27, 1, 0.08%, 4, 0, 2, 369.84, 2741268, 52
6920, 0, 0, 28, 27, 1, 0.08%, 4, 0, 2, 369.61, 2743179, 52
6925, 0, 0, 28, 27, 1, 0.08%, 4, 0, 2, 357.13, 2744999, 52
6930, 0, 0, 28, 27, 1, 0.08%, 4, 0, 2, 395.56, 2746952, 52
6935, 0, 0, 28, 27, 1, 0.08%, 4, 0, 2, 391.16, 2748919, 52
6940, 0, 0, 28, 27, 1, 0.08%, 4, 0, 2, 370.44, 2750851, 52
6945, 0, 0, 28, 27, 1, 0.08%, 4, 0, 2, 351.47, 2752657, 52
6950, 0, 0, 28, 27, 1, 0.08%, 4, 0, 2, 388.11, 2754701, 52
6955, 0, 0, 28, 27, 1, 0.08%, 4, 0, 2, 399.65, 2756752, 52
6961, 0, 0, 28, 27, 1, 0.08%, 4, 0, 2, 401.40, 2758787, 52
6966, 0, 0, 28, 27, 1, 0.08%, 4, 0, 2, 381.54, 2760602, 52
6971, 0, 0, 28, 27, 1, 0.08%, 4, 0, 2, 390.40, 2762485, 52
6976, 0, 0, 28, 27, 1, 0.08%, 4, 0, 2, 369.56, 2764319, 52
6981, 0, 0, 28, 27, 1, 0.08%, 4, 0, 2, 387.55, 2766328, 52
6986, 0, 0, 28, 27, 1, 0.08%, 4, 0, 2, 388.31, 2768288, 52
6991, 0, 0, 28, 27, 1, 0.08%, 4, 0, 2, 376.72, 2770178, 52
6996, 0, 0, 28, 27, 1, 0.08%, 4, 0, 2, 424.65, 2772379, 52
7001, 0, 0, 28, 27, 1, 0.08%, 4, 0, 2, 402.02, 2774315, 52
7006, 0, 0, 28, 27, 1, 0.08%, 4, 0, 2, 365.85, 2776072, 52
7012, 0, 0, 28, 27, 1, 0.08%, 4, 0, 2, 374.76, 2777941, 52
7017, 0, 0, 28, 27, 1, 0.08%, 4, 0, 2, 353.33, 2779845, 52
7022, 0, 0, 28, 27, 1, 0.08%, 4, 0, 2, 355.38, 2781581, 52
7027, 0, 0, 28, 27, 1, 0.08%, 4, 0, 2, 335.19, 2783301, 52
7032, 0, 0, 28, 27, 1, 0.08%, 4, 0, 2, 320.55, 2784939, 52
7037, 0, 0, 28, 27, 1, 0.08%, 4, 0, 2, 382.00, 2786922, 52
7042, 0, 0, 28, 27, 1, 0.08%, 4, 0, 2, 369.83, 2788882, 52
7047, 0, 0, 28, 27, 1, 0.08%, 4, 0, 2, 363.36, 2790667, 52
7052, 0, 0, 28, 27, 1, 0.08%, 4, 0, 2, 379.44, 2792683, 52
7058, 0, 0, 28, 27, 1, 0.08%, 4, 0, 2, 384.77, 2794685, 52
7063, 0, 0, 28, 27, 1, 0.08%, 4, 0, 2, 376.25, 2796603, 52
7068, 0, 0, 28, 27, 1, 0.08%, 4, 0, 2, 373.91, 2798465, 52
7073, 0, 0, 28, 27, 1, 0.08%, 4, 0, 2, 381.91, 2800425, 52
7078, 0, 0, 28, 27, 1, 0.08%, 4, 0, 2, 362.54, 2802259, 52
7083, 0, 0, 28, 27, 1, 0.08%, 4, 0, 2, 386.81, 2804247, 52
7088, 0, 0, 28, 27, 1, 0.08%, 4, 0, 2, 372.58, 2806116, 52
7094, 0, 0, 28, 27, 1, 0.08%, 4, 0, 2, 362.39, 2807964, 52
7099, 0, 0, 28, 27, 1, 0.08%, 4, 0, 2, 357.19, 2809749, 52
7104, 0, 0, 28, 27, 1, 0.08%, 4, 0, 2, 360.98, 2811639, 52
7109, 0, 0, 28, 27, 1, 0.08%, 4, 0, 2, 399.52, 2813718, 52
7114, 0, 0, 28, 27, 1, 0.08%, 4, 0, 2, 385.19, 2815615, 52
7119, 0, 0, 28, 27, 1, 0.08%, 4, 0, 2, 373.70, 2817414, 52
7124, 0, 0, 28, 27, 1, 0.08%, 4, 0, 2, 383.31, 2819304, 52
7129, 0, 0, 28, 27, 1, 0.08%, 4, 0, 2, 402.80, 2821355, 52
7134, 0, 0, 28, 27, 1, 0.08%, 4, 0, 2, 402.83, 2823435, 52
7139, 0, 0, 28, 27, 1, 0.08%, 4, 0, 2, 389.12, 2825429, 52
7144, 0, 0, 28, 27, 1, 0.08%, 4, 0, 2, 381.34, 2827382, 52
7149, 0, 0, 28, 27, 1, 0.08%, 4, 0, 2, 390.13, 2829447, 52
7154, 0, 0, 28, 27, 1, 0.08%, 4, 0, 2, 374.15, 2831337, 52
7160, 0, 0, 28, 27, 1, 0.08%, 4, 0, 2, 375.68, 2833325, 52
7165, 0, 0, 28, 27, 1, 0.08%, 4, 0, 2, 367.73, 2835159, 52
7170, 0, 0, 28, 27, 1, 0.08%, 4, 0, 2, 394.28, 2837147, 52
7175, 0, 0, 28, 27, 1, 0.08%, 4, 0, 2, 358.33, 2839016, 52
7180, 0, 0, 28, 27, 1, 0.08%, 4, 0, 2, 382.82, 2841018, 52
7185, 0, 0, 28, 27, 1, 0.08%, 4, 0, 2, 367.94, 2842936, 52
7190, 0, 0, 28, 27, 1, 0.08%, 4, 0, 2, 351.17, 2844819, 52
7193, 0, 0, 28, 27, 1, 0.08%, 4, 0, 2, 348.65, 2845826, 52
