# relative_time, cycles_done, cur_item, corpus_count, pending_total, pending_favs, map_size, saved_crashes, saved_hangs, max_depth, execs_per_sec, total_execs, edges_found
61, 34, 1, 10, 0, 0, 0.02%, 0, 0, 3, 2873.70, 174384, 11
66, 37, 1, 10, 0, 0, 0.02%, 0, 0, 3, 2852.67, 188711, 11
71, 40, 1, 10, 0, 0, 0.02%, 0, 0, 3, 2960.94, 204132, 11
76, 43, 3, 10, 0, 0, 0.02%, 0, 0, 3, 2880.87, 218419, 11
81, 46, 1, 10, 0, 0, 0.02%, 0, 0, 3, 2794.57, 232776, 11
86, 49, 1, 10, 0, 0, 0.02%, 0, 0, 3, 2682.15, 246120, 11
91, 52, 1, 10, 0, 0, 0.02%, 0, 0, 3, 2650.05, 259757, 11
96, 55, 1, 10, 0, 0, 0.02%, 0, 0, 3, 2644.29, 272956, 11
102, 57, 1, 10, 0, 0, 0.02%, 0, 0, 3, 2679.00, 286845, 11
107, 60, 3, 10, 0, 0, 0.02%, 0, 0, 3, 2639.14, 300002, 11
112, 63, 1, 10, 0, 0, 0.02%, 0, 0, 3, 2607.94, 313723, 11
117, 66, 1, 10, 0, 0, 0.02%, 0, 0, 3, 2592.75, 327033, 11
122, 69, 8, 10, 0, 0, 0.02%, 0, 0, 3, 2588.10, 339982, 11
127, 71, 1, 10, 0, 0, 0.02%, 0, 0, 3, 2666.78, 353353, 11
132, 74, 1, 10, 0, 0, 0.02%, 0, 0, 3, 2746.13, 367656, 11
137, 77, 1, 10, 0, 0, 0.02%, 0, 0, 3, 2768.35, 381533, 11
142, 80, 1, 10, 0, 0, 0.02%, 0, 0, 3, 2757.47, 395941, 11
147, 83, 3, 10, 0, 0, 0.02%, 0, 0, 3, 2794.67, 410011, 11
153, 86, 1, 10, 0, 0, 0.02%, 0, 0, 3, 2779.19, 424033, 11
158, 89, 1, 10, 0, 0, 0.02%, 0, 0, 3, 2733.94, 437856, 11
163, 92, 1, 10, 0, 0, 0.02%, 0, 0, 3, 2756.96, 452246, 11
168, 95, 1, 10, 0, 0, 0.02%, 0, 0, 3, 2757.47, 466740, 11
173, 98, 1, 10, 0, 0, 0.02%, 0, 0, 3, 2669.33, 480076, 11
178, 99, 3, 10, 0, 0, 0.02%, 0, 0, 3, 1947.29, 489153, 11
183, 102, 1, 10, 0, 0, 0.02%, 0, 0, 3, 2513.75, 502456, 11
188, 105, 1, 10, 0, 0, 0.02%, 0, 0, 3, 2719.27, 516833, 11
194, 108, 1, 10, 0, 0, 0.02%, 0, 0, 3, 2581.40, 529784, 11
199, 111, 1, 10, 0, 0, 0.02%, 0, 0, 3, 2594.65, 542764, 11
204, 113, 3, 10, 0, 0, 0.02%, 0, 0, 3, 2688.92, 556804, 11
209, 116, 8, 10, 0, 0, 0.02%, 0, 0, 3, 2729.50, 570881, 11
214, 120, 1, 10, 0, 0, 0.02%, 0, 0, 3, 2808.16, 585350, 11
219, 123, 1, 10, 0, 0, 0.02%, 0, 0, 3, 2769.25, 599710, 11
224, 126, 1, 10, 0, 0, 0.02%, 0, 0, 3, 2768.59, 614153, 11
229, 128, 1, 10, 0, 0, 0.02%, 0, 0, 3, 2783.92, 628095, 11
235, 131, 8, 10, 0, 0, 0.02%, 0, 0, 3, 2648.47, 641949, 11
240, 134, 3, 10, 0, 0, 0.02%, 0, 0, 3, 2622.27, 655265, 11
245, 137, 1, 10, 0, 0, 0.02%, 0, 0, 3, 2121.16, 666241, 11
250, 139, 8, 10, 0, 0, 0.02%, 0, 0, 3, 2450.02, 678787, 11
255, 142, 3, 10, 0, 0, 0.02%, 0, 0, 3, 2593.67, 692350, 11
260, 145, 1, 10, 0, 0, 0.02%, 0, 0, 3, 2489.86, 704894, 11
265, 148, 3, 10, 0, 0, 0.02%, 0, 0, 3, 2592.35, 718441, 11
271, 150, 1, 10, 0, 0, 0.02%, 0, 0, 3, 2549.84, 731219, 11
276, 153, 3, 10, 0, 0, 0.02%, 0, 0, 3, 2581.68, 744397, 11
281, 156, 1, 10, 0, 0, 0.02%, 0, 0, 3, 2513.26, 756933, 11
286, 158, 1, 10, 0, 0, 0.02%, 0, 0, 3, 2593.55, 769960, 11
291, 161, 3, 10, 0, 0, 0.02%, 0, 0, 3, 2563.81, 783165, 11
296, 164, 1, 10, 0, 0, 0.02%, 0, 0, 3, 2496.81, 795280, 11
301, 167, 1, 10, 0, 0, 0.02%, 0, 0, 3, 2599.59, 809060, 11
306, 169, 1, 10, 0, 0, 0.02%, 0, 0, 3, 2596.21, 822632, 11
311, 172, 3, 10, 0, 0, 0.02%, 0, 0, 3, 2462.64, 835155, 11
316, 175, 1, 10, 0, 0, 0.02%, 0, 0, 3, 2645.09, 848970, 11
321, 178, 1, 10, 0, 0, 0.02%, 0, 0, 3, 2696.24, 862472, 11
326, 181, 3, 10, 0, 0, 0.02%, 0, 0, 3, 2788.00, 876653, 11
332, 184, 1, 10, 0, 0, 0.02%, 0, 0, 3, 2731.05, 890696, 11
337, 187, 1, 10, 0, 0, 0.02%, 0, 0, 3, 2834.34, 905121, 11
342, 190, 1, 10, 0, 0, 0.02%, 0, 0, 3, 2832.60, 919566, 11
347, 192, 1, 10, 0, 0, 0.02%, 0, 0, 3, 2633.06, 932382, 11
352, 195, 1, 10, 0, 0, 0.02%, 0, 0, 3, 2617.07, 945459, 11
357, 197, 1, 10, 0, 0, 0.02%, 0, 0, 3, 2784.59, 959571, 11
362, 200, 1, 10, 0, 0, 0.02%, 0, 0, 3, 2748.04, 973436, 11
367, 203, 8, 10, 0, 0, 0.02%, 0, 0, 3, 2832.20, 987748, 11
372, 206, 1, 10, 0, 0, 0.02%, 0, 0, 3, 2860.07, 1002147, 11
377, 209, 1, 10, 0, 0, 0.02%, 0, 0, 3, 2783.66, 1015960, 11
382, 212, 1, 10, 0, 0, 0.02%, 0, 0, 3, 2751.24, 1030391, 11
387, 215, 8, 10, 0, 0, 0.02%, 0, 0, 3, 2612.41, 1043284, 11
392, 218, 1, 10, 0, 0, 0.02%, 0, 0, 3, 2629.26, 1057031, 11
397, 220, 1, 10, 0, 0, 0.02%, 0, 0, 3, 2590.06, 1070403, 11
403, 223, 1, 10, 0, 0, 0.02%, 0, 0, 3, 2616.89, 1084177, 11
408, 226, 8, 10, 0, 0, 0.02%, 0, 0, 3, 2573.85, 1096887, 11
413, 229, 1, 10, 0, 0, 0.02%, 0, 0, 3, 2581.18, 1109890, 11
418, 231, 8, 10, 0, 0, 0.02%, 0, 0, 3, 2585.31, 1122982, 11
423, 234, 1, 10, 0, 0, 0.02%, 0, 0, 3, 2658.08, 1136750, 11
428, 237, 8, 10, 0, 0, 0.02%, 0, 0, 3, 2620.79, 1150227, 11
433, 240, 1, 10, 0, 0, 0.02%, 0, 0, 3, 2672.00, 1163785, 11
438, 243, 1, 10, 0, 0, 0.02%, 0, 0, 3, 2674.41, 1177240, 11
443, 245, 3, 10, 0, 0, 0.02%, 0, 0, 3, 2612.42, 1190293, 11
448, 248, 1, 10, 0, 0, 0.02%, 0, 0, 3, 2626.41, 1203287, 11
453, 251, 1, 10, 0, 0, 0.02%, 0, 0, 3, 2590.71, 1216650, 11
459, 254, 3, 10, 0, 0, 0.02%, 0, 0, 3, 2561.64, 1230065, 11
464, 256, 1, 10, 0, 0, 0.02%, 0, 0, 3, 2644.69, 1243305, 11
469, 259, 1, 10, 0, 0, 0.02%, 0, 0, 3, 2692.26, 1256803, 11
474, 262, 3, 10, 0, 0, 0.02%, 0, 0, 3, 2822.89, 1271177, 11
479, 265, 1, 10, 0, 0, 0.02%, 0, 0, 3, 2810.62, 1285337, 11
484, 268, 1, 10, 0, 0, 0.02%, 0, 0, 3, 2798.09, 1299306, 11
489, 271, 1, 10, 0, 0, 0.02%, 0, 0, 3, 2788.70, 1313347, 11
494, 273, 1, 10, 0, 0, 0.02%, 0, 0, 3, 2739.21, 1327032, 11
499, 276, 1, 10, 0, 0, 0.02%, 0, 0, 3, 2784.17, 1341020, 11
504, 280, 1, 10, 0, 0, 0.02%, 0, 0, 3, 2816.05, 1355215, 11
509, 283, 1, 10, 0, 0, 0.02%, 0, 0, 3, 2840.61, 1369448, 11
514, 285, 8, 10, 0, 0, 0.02%, 0, 0, 3, 2692.58, 1383160, 11
519, 288, 1, 10, 0, 0, 0.02%, 0, 0, 3, 2683.82, 1397050, 11
524, 291, 1, 10, 0, 0, 0.02%, 0, 0, 3, 2715.43, 1411007, 11
529, 294, 1, 10, 0, 0, 0.02%, 0, 0, 3, 2719.99, 1424772, 11
535, 297, 1, 10, 0, 0, 0.02%, 0, 0, 3, 2709.53, 1438804, 11
540, 300, 1, 10, 0, 0, 0.02%, 0, 0, 3, 2644.78, 1452417, 11
545, 303, 1, 10, 0, 0, 0.02%, 0, 0, 3, 2644.45, 1465690, 11
550, 306, 3, 10, 0, 0, 0.02%, 0, 0, 3, 2733.74, 1479955, 11
555, 308, 1, 10, 0, 0, 0.02%, 0, 0, 3, 2753.40, 1493770, 11
560, 311, 8, 10, 0, 0, 0.02%, 0, 0, 3, 2856.96, 1508382, 11
565, 314, 8, 10, 0, 0, 0.02%, 0, 0, 3, 2648.29, 1521427, 11
570, 317, 1, 10, 0, 0, 0.02%, 0, 0, 3, 2677.69, 1535343, 11
575, 320, 1, 10, 0, 0, 0.02%, 0, 0, 3, 2680.16, 1548798, 11
580, 322, 1, 10, 0, 0, 0.02%, 0, 0, 3, 2723.26, 1562196, 11
585, 325, 1, 10, 0, 0, 0.02%, 0, 0, 3, 2724.01, 1575871, 11
590, 328, 1, 10, 0, 0, 0.02%, 0, 0, 3, 2806.37, 1589991, 11
595, 331, 1, 10, 0, 0, 0.02%, 0, 0, 3, 2788.00, 1604420, 11
600, 334, 1, 10, 0, 0, 0.02%, 0, 0, 3, 2720.14, 1618139, 11
605, 337, 3, 10, 0, 0, 0.02%, 0, 0, 3, 2685.95, 1631497, 11
611, 340, 1, 10, 0, 0, 0.02%, 0, 0, 3, 2701.26, 1645584, 11
616, 343, 1, 10, 0, 0, 0.02%, 0, 0, 3, 2716.33, 1659211, 11
621, 345, 3, 10, 0, 0, 0.02%, 0, 0, 3, 2727.49, 1672902, 11
626, 348, 1, 10, 0, 0, 0.02%, 0, 0, 3, 2691.77, 1686740, 11
631, 351, 1, 10, 0, 0, 0.02%, 0, 0, 3, 2636.53, 1699932, 11
636, 354, 1, 10, 0, 0, 0.02%, 0, 0, 3, 2535.59, 1712606, 11
641, 357, 8, 10, 0, 0, 0.02%, 0, 0, 3, 2725.37, 1726802, 11
646, 360, 1, 10, 0, 0, 0.02%, 0, 0, 3, 2721.07, 1740952, 11
651, 362, 1, 10, 0, 0, 0.02%, 0, 0, 3, 2688.77, 1754405, 11
656, 365, 1, 10, 0, 0, 0.02%, 0, 0, 3, 2557.59, 1767435, 11
661, 368, 1, 10, 0, 0, 0.02%, 0, 0, 3, 2199.45, 1778877, 11
667, 370, 3, 10, 0, 0, 0.02%, 0, 0, 3, 2607.49, 1792741, 11
672, 373, 1, 10, 0, 0, 0.02%, 0, 0, 3, 2678.70, 1806733, 11
677, 376, 1, 10, 0, 0, 0.02%, 0, 0, 3, 2672.80, 1820147, 11
682, 379, 3, 10, 0, 0, 0.02%, 0, 0, 3, 2699.39, 1833733, 11
687, 382, 1, 10, 0, 0, 0.02%, 0, 0, 3, 2664.34, 1847444, 11
692, 385, 1, 10, 0, 0, 0.02%, 0, 0, 3, 2602.65, 1860965, 11
697, 387, 3, 10, 0, 0, 0.02%, 0, 0, 3, 2765.62, 1875490, 11
702, 390, 3, 10, 0, 0, 0.02%, 0, 0, 3, 2171.62, 1886662, 11
707, 392, 1, 10, 0, 0, 0.02%, 0, 0, 3, 2079.53, 1897128, 11
713, 395, 1, 10, 0, 0, 0.02%, 0, 0, 3, 2429.94, 1909590, 11
718, 397, 1, 10, 0, 0, 0.02%, 0, 0, 3, 2381.10, 1922087, 11
723, 400, 1, 10, 0, 0, 0.02%, 0, 0, 3, 2595.21, 1935507, 11
728, 403, 1, 10, 0, 0, 0.02%, 0, 0, 3, 2646.52, 1949273, 11
733, 406, 3, 10, 0, 0, 0.02%, 0, 0, 3, 2699.66, 1963434, 11
738, 408, 1, 10, 0, 0, 0.02%, 0, 0, 3, 2691.54, 1977028, 11
743, 411, 1, 10, 0, 0, 0.02%, 0, 0, 3, 2717.49, 1991174, 11
749, 414, 3, 10, 0, 0, 0.02%, 0, 0, 3, 2811.49, 2005655, 11
754, 418, 3, 10, 0, 0, 0.02%, 0, 0, 3, 2870.79, 2020095, 11
759, 421, 1, 10, 0, 0, 0.02%, 0, 0, 3, 2877.61, 2035027, 11
764, 424, 1, 10, 0, 0, 0.02%, 0, 0, 3, 2884.29, 2049619, 11
769, 427, 1, 10, 0, 0, 0.02%, 0, 0, 3, 2922.20, 2064288, 11
774, 430, 1, 10, 0, 0, 0.02%, 0, 0, 3, 2927.79, 2078988, 11
779, 433, 1, 10, 0, 0, 0.02%, 0, 0, 3, 2958.12, 2094378, 11
784, 436, 1, 10, 0, 0, 0.02%, 0, 0, 3, 2912.96, 2109373, 11
789, 439, 1, 10, 0, 0, 0.02%, 0, 0, 3, 2889.41, 2124260, 11
795, 442, 1, 10, 0, 0, 0.02%, 0, 0, 3, 2898.74, 2139273, 11
800, 446, 1, 10, 0, 0, 0.02%, 0, 0, 3, 2940.58, 2154674, 11
805, 449, 1, 10, 0, 0, 0.02%, 0, 0, 3, 2940.75, 2169924, 11
810, 452, 1, 10, 0, 0, 0.02%, 0, 0, 3, 2880.86, 2184883, 11
815, 455, 1, 10, 0, 0, 0.02%, 0, 0, 3, 2916.36, 2199539, 11
820, 458, 1, 10, 0, 0, 0.02%, 0, 0, 3, 2930.04, 2214662, 11
826, 461, 1, 10, 0, 0, 0.02%, 0, 0, 3, 2943.65, 2229979, 11
831, 464, 1, 10, 0, 0, 0.02%, 0, 0, 3, 2923.53, 2244590, 11
836, 467, 1, 10, 0, 0, 0.02%, 0, 0, 3, 2891.28, 2259576, 11
841, 470, 8, 10, 0, 0, 0.02%, 0, 0, 3, 2895.98, 2274190, 11
846, 473, 1, 10, 0, 0, 0.02%, 0, 0, 3, 2848.38, 2288414, 11
851, 476, 3, 10, 0, 0, 0.02%, 0, 0, 3, 2854.09, 2303309, 11
856, 479, 1, 10, 0, 0, 0.02%, 0, 0, 3, 2742.70, 2317765, 11
861, 482, 1, 10, 0, 0, 0.02%, 0, 0, 3, 2632.04, 2330644, 11
866, 485, 1, 10, 0, 0, 0.02%, 0, 0, 3, 2812.81, 2345305, 11
871, 488, 1, 10, 0, 0, 0.02%, 0, 0, 3, 2853.85, 2359907, 11
876, 491, 3, 10, 0, 0, 0.02%, 0, 0, 3, 2820.37, 2374201, 11
882, 493, 1, 10, 0, 0, 0.02%, 0, 0, 3, 2557.18, 2387027, 11
887, 497, 1, 10, 0, 0, 0.02%, 0, 0, 3, 2795.44, 2401941, 11
892, 499, 1, 10, 0, 0, 0.02%, 0, 0, 3, 2775.67, 2415958, 11
897, 502, 1, 10, 0, 0, 0.02%, 0, 0, 3, 2724.88, 2429720, 11
902, 505, 1, 10, 0, 0, 0.02%, 0, 0, 3, 2436.08, 2442657, 11
907, 508, 8, 10, 0, 0, 0.02%, 0, 0, 3, 2667.71, 2456694, 11
913, 511, 3, 10, 0, 0, 0.02%, 0, 0, 3, 2686.86, 2470651, 11
918, 514, 1, 10, 0, 0, 0.02%, 0, 0, 3, 2710.86, 2484161, 11
923, 516, 1, 10, 0, 0, 0.02%, 0, 0, 3, 2688.38, 2497745, 11
928, 519, 1, 10, 0, 0, 0.02%, 0, 0, 3, 2576.51, 2511048, 11
933, 522, 3, 10, 0, 0, 0.02%, 0, 0, 3, 2568.04, 2523659, 11
938, 525, 1, 10, 0, 0, 0.02%, 0, 0, 3, 2701.69, 2537396, 11
943, 528, 3, 10, 0, 0, 0.02%, 0, 0, 3, 2780.47, 2551959, 11
948, 530, 1, 10, 0, 0, 0.02%, 0, 0, 3, 2712.53, 2565989, 11
953, 533, 1, 10, 0, 0, 0.02%, 0, 0, 3, 2752.29, 2580296, 11
958, 536, 3, 10, 0, 0, 0.02%, 0, 0, 3, 2496.72, 2592233, 11
964, 539, 3, 10, 0, 0, 0.02%, 0, 0, 3, 2649.82, 2606097, 11
969, 541, 1, 10, 0, 0, 0.02%, 0, 0, 3, 2647.08, 2619473, 11
974, 543, 1, 10, 0, 0, 0.02%, 0, 0, 3, 2041.31, 2629423, 11
979, 545, 1, 10, 0, 0, 0.02%, 0, 0, 3, 2087.23, 2639492, 11
984, 548, 1, 10, 0, 0, 0.02%, 0, 0, 3, 2431.05, 2652870, 11
989, 550, 1, 10, 0, 0, 0.02%, 0, 0, 3, 2149.44, 2662737, 11
994, 553, 1, 10, 0, 0, 0.02%, 0, 0, 3, 2570.46, 2676376, 11
999, 556, 1, 10, 0, 0, 0.02%, 0, 0, 3, 2683.63, 2690300, 11
1004, 559, 3, 10, 0, 0, 0.02%, 0, 0, 3, 2691.68, 2703768, 11
1009, 561, 1, 10, 0, 0, 0.02%, 0, 0, 3, 2686.39, 2717229, 11
1015, 564, 3, 10, 0, 0, 0.02%, 0, 0, 3, 2641.45, 2730899, 11
1020, 567, 8, 10, 0, 0, 0.02%, 0, 0, 3, 2679.19, 2744260, 11
1025, 570, 1, 10, 0, 0, 0.02%, 0, 0, 3, 2630.90, 2757374, 11
1030, 573, 1, 10, 0, 0, 0.02%, 0, 0, 3, 2674.89, 2771251, 11
1035, 576, 1, 10, 0, 0, 0.02%, 0, 0, 3, 2608.51, 2784740, 11
1040, 578, 3, 10, 0, 0, 0.02%, 0, 0, 3, 2589.72, 2797710, 11
1045, 581, 9, 10, 0, 0, 0.02%, 0, 0, 3, 2636.96, 2811437, 11
1050, 584, 1, 10, 0, 0, 0.02%, 0, 0, 3, 2683.47, 2825419, 11
1055, 587, 3, 10, 0, 0, 0.02%, 0, 0, 3, 2667.47, 2838727, 11
1060, 590, 1, 10, 0, 0, 0.02%, 0, 0, 3, 2597.87, 2851905, 11
1065, 592, 1, 10, 0, 0, 0.02%, 0, 0, 3, 2682.82, 2865333, 11
1070, 595, 1, 10, 0, 0, 0.02%, 0, 0, 3, 2330.01, 2877528, 11
1075, 597, 1, 10, 0, 0, 0.02%, 0, 0, 3, 2484.57, 2889123, 11
1080, 600, 3, 10, 0, 0, 0.02%, 0, 0, 3, 2640.47, 2902758, 11
1086, 603, 3, 10, 0, 0, 0.02%, 0, 0, 3, 2794.08, 2917221, 11
1091, 606, 1, 10, 0, 0, 0.02%, 0, 0, 3, 2853.57, 2931993, 11
1096, 609, 8, 10, 0, 0, 0.02%, 0, 0, 3, 2837.41, 2946803, 11
1101, 612, 1, 10, 0, 0, 0.02%, 0, 0, 3, 2817.90, 2961400, 11
1106, 615, 1, 10, 0, 0, 0.02%, 0, 0, 3, 2825.32, 2975715, 11
1111, 618, 1, 10, 0, 0, 0.02%, 0, 0, 3, 2661.74, 2989623, 11
1116, 621, 3, 10, 0, 0, 0.02%, 0, 0, 3, 2661.54, 3003191, 11
1122, 624, 1, 10, 0, 0, 0.02%, 0, 0, 3, 2656.79, 3016582, 11
1127, 627, 1, 10, 0, 0, 0.02%, 0, 0, 3, 2912.69, 3031403, 11
1132, 630, 1, 10, 0, 0, 0.02%, 0, 0, 3, 2944.34, 3046157, 11
1137, 633, 3, 10, 0, 0, 0.02%, 0, 0, 3, 2959.02, 3061512, 11
1142, 636, 1, 10, 0, 0, 0.02%, 0, 0, 3, 2835.65, 3076279, 11
1147, 639, 3, 10, 0, 0, 0.02%, 0, 0, 3, 2738.92, 3090405, 11
1152, 642, 1, 10, 0, 0, 0.02%, 0, 0, 3, 2747.59, 3104259, 11
1157, 645, 3, 10, 0, 0, 0.02%, 0, 0, 3, 2701.48, 3118095, 11
1162, 648, 1, 10, 0, 0, 0.02%, 0, 0, 3, 2707.80, 3132208, 11
1168, 651, 3, 10, 0, 0, 0.02%, 0, 0, 3, 2732.50, 3146445, 11
1173, 654, 1, 10, 0, 0, 0.02%, 0, 0, 3, 2743.69, 3160690, 11
1178, 657, 1, 10, 0, 0, 0.02%, 0, 0, 3, 2740.76, 3174371, 11
1183, 660, 1, 10, 0, 0, 0.02%, 0, 0, 3, 2757.85, 3188771, 11
1188, 663, 1, 10, 0, 0, 0.02%, 0, 0, 3, 2762.83, 3203083, 11
1193, 666, 1, 10, 0, 0, 0.02%, 0, 0, 3, 2793.03, 3217119, 11
1198, 669, 1, 10, 0, 0, 0.02%, 0, 0, 3, 2559.02, 3230055, 11
1203, 671, 1, 10, 0, 0, 0.02%, 0, 0, 3, 2541.20, 3242014, 11
1208, 674, 1, 10, 0, 0, 0.02%, 0, 0, 3, 2453.19, 3253800, 11
1214, 676, 8, 10, 0, 0, 0.02%, 0, 0, 3, 2623.55, 3267487, 11
1219, 679, 1, 10, 0, 0, 0.02%, 0, 0, 3, 2711.62, 3281194, 11
1224, 682, 3, 10, 0, 0, 0.02%, 0, 0, 3, 2754.50, 3295059, 11
1229, 685, 1, 10, 0, 0, 0.02%, 0, 0, 3, 2767.82, 3308966, 11
1234, 688, 1, 10, 0, 0, 0.02%, 0, 0, 3, 2840.01, 3323616, 11
1239, 691, 3, 10, 0, 0, 0.02%, 0, 0, 3, 2816.83, 3337626, 11
1244, 694, 3, 10, 0, 0, 0.02%, 0, 0, 3, 2776.33, 3351377, 11
1249, 697, 1, 10, 0, 0, 0.02%, 0, 0, 3, 2499.12, 3364586, 11
1254, 699, 1, 10, 0, 0, 0.02%, 0, 0, 3, 2622.68, 3377982, 11
1259, 702, 1, 10, 0, 0, 0.02%, 0, 0, 3, 2249.20, 3389368, 11
1264, 705, 3, 10, 0, 0, 0.02%, 0, 0, 3, 2540.03, 3403059, 11
1269, 707, 1, 10, 0, 0, 0.02%, 0, 0, 3, 1937.67, 3412982, 11
1275, 709, 1, 10, 0, 0, 0.02%, 0, 0, 3, 2023.19, 3422425, 11
1280, 711, 1, 10, 0, 0, 0.02%, 0, 0, 3, 2169.14, 3434220, 11
1285, 713, 1, 10, 0, 0, 0.02%, 0, 0, 3, 1969.35, 3444019, 11
1290, 715, 1, 10, 0, 0, 0.02%, 0, 0, 3, 1950.52, 3454029, 11
1295, 718, 8, 10, 0, 0, 0.02%, 0, 0, 3, 2318.52, 3466687, 11
1300, 720, 1, 10, 0, 0, 0.02%, 0, 0, 3, 2196.46, 3477730, 11
1305, 723, 1, 10, 0, 0, 0.02%, 0, 0, 3, 2150.43, 3489166, 11
1310, 725, 1, 10, 0, 0, 0.02%, 0, 0, 3, 1807.89, 3498268, 11
1315, 727, 3, 10, 0, 0, 0.02%, 0, 0, 3, 2103.79, 3509463, 11
1320, 729, 1, 10, 0, 0, 0.02%, 0, 0, 3, 2337.72, 3522147, 11
1325, 731, 1, 10, 0, 0, 0.02%, 0, 0, 3, 1879.67, 3531152, 11
1331, 733, 1, 10, 0, 0, 0.02%, 0, 0, 3, 2194.58, 3542179, 11
1336, 736, 1, 10, 0, 0, 0.02%, 0, 0, 3, 2574.50, 3555770, 11
1341, 739, 1, 10, 0, 0, 0.02%, 0, 0, 3, 2216.56, 3567139, 11
1346, 741, 3, 10, 0, 0, 0.02%, 0, 0, 3, 2139.77, 3578518, 11
1351, 744, 1, 10, 0, 0, 0.02%, 0, 0, 3, 2487.26, 3591196, 11
1356, 746, 3, 10, 0, 0, 0.02%, 0, 0, 3, 2369.49, 3603668, 11
1361, 749, 1, 10, 0, 0, 0.02%, 0, 0, 3, 2425.88, 3615946, 11
1366, 752, 1, 10, 0, 0, 0.02%, 0, 0, 3, 2435.18, 3628464, 11
1372, 754, 1, 10, 0, 0, 0.02%, 0, 0, 3, 2483.18, 3641721, 11
1377, 757, 1, 10, 0, 0, 0.02%, 0, 0, 3, 2567.61, 3655164, 11
1382, 759, 1, 10, 0, 0, 0.02%, 0, 0, 3, 2337.96, 3666295, 11
1387, 762, 1, 10, 0, 0, 0.02%, 0, 0, 3, 2434.23, 3678855, 11
1392, 764, 1, 10, 0, 0, 0.02%, 0, 0, 3, 2399.94, 3690961, 11
1397, 767, 1, 10, 0, 0, 0.02%, 0, 0, 3, 2485.34, 3703742, 11
1402, 770, 8, 10, 0, 0, 0.02%, 0, 0, 3, 2636.97, 3717064, 11
1407, 773, 1, 10, 0, 0, 0.02%, 0, 0, 3, 2585.98, 3730628, 11
1412, 775, 3, 10, 0, 0, 0.02%, 0, 0, 3, 2082.39, 3740384, 11
1418, 777, 1, 10, 0, 0, 0.02%, 0, 0, 3, 2572.50, 3754362, 11
1423, 780, 1, 10, 0, 0, 0.02%, 0, 0, 3, 2628.20, 3767704, 11
1428, 783, 3, 10, 0, 0, 0.02%, 0, 0, 3, 2571.28, 3781309, 11
1433, 786, 1, 10, 0, 0, 0.02%, 0, 0, 3, 2496.08, 3793347, 11
1438, 788, 1, 10, 0, 0, 0.02%, 0, 0, 3, 2491.82, 3805744, 11
1443, 791, 1, 10, 0, 0, 0.02%, 0, 0, 3, 2552.79, 3819107, 11
1448, 794, 1, 10, 0, 0, 0.02%, 0, 0, 3, 2670.16, 3832409, 11
1453, 797, 3, 10, 0, 0, 0.02%, 0, 0, 3, 2690.53, 3846022, 11
1458, 800, 1, 10, 0, 0, 0.02%, 0, 0, 3, 2743.21, 3859882, 11
1463, 803, 1, 10, 0, 0, 0.02%, 0, 0, 3, 2804.80, 3874238, 11
1468, 806, 1, 10, 0, 0, 0.02%, 0, 0, 3, 2756.54, 3888621, 11
1473, 809, 1, 10, 0, 0, 0.02%, 0, 0, 3, 2655.94, 3901774, 11
1478, 811, 1, 10, 0, 0, 0.02%, 0, 0, 3, 2618.02, 3915122, 11
1483, 814, 3, 10, 0, 0, 0.02%, 0, 0, 3, 2609.62, 3927948, 11
1489, 817, 8, 10, 0, 0, 0.02%, 0, 0, 3, 2646.52, 3941636, 11
1494, 820, 8, 10, 0, 0, 0.02%, 0, 0, 3, 2651.97, 3955477, 11
1499, 822, 3, 10, 0, 0, 0.02%, 0, 0, 3, 2507.07, 3967709, 11
1504, 825, 1, 10, 0, 0, 0.02%, 0, 0, 3, 2255.84, 3979325, 11
1509, 827, 1, 10, 0, 0, 0.02%, 0, 0, 3, 2336.74, 3991197, 11
1514, 830, 1, 10, 0, 0, 0.02%, 0, 0, 3, 2551.55, 4004485, 11
1519, 832, 1, 10, 0, 0, 0.02%, 0, 0, 3, 2371.08, 4016235, 11
1525, 835, 1, 10, 0, 0, 0.02%, 0, 0, 3, 2661.04, 4030322, 11
1530, 838, 7, 10, 0, 0, 0.02%, 0, 0, 3, 2647.56, 4043896, 11
1535, 841, 3, 10, 0, 0, 0.02%, 0, 0, 3, 2665.69, 4057960, 11
1540, 844, 1, 10, 0, 0, 0.02%, 0, 0, 3, 2746.18, 4072336, 11
1545, 847, 1, 10, 0, 0, 0.02%, 0, 0, 3, 2685.61, 4086320, 11
1550, 849, 9, 10, 0, 0, 0.02%, 0, 0, 3, 2637.17, 4099407, 11
1555, 852, 3, 10, 0, 0, 0.02%, 0, 0, 3, 2686.61, 4112884, 11
1560, 855, 1, 10, 0, 0, 0.02%, 0, 0, 3, 2696.37, 4126394, 11
1565, 858, 1, 10, 0, 0, 0.02%, 0, 0, 3, 2637.55, 4139653, 11
1570, 861, 1, 10, 0, 0, 0.02%, 0, 0, 3, 2619.43, 4152564, 11
1575, 863, 1, 10, 0, 0, 0.02%, 0, 0, 3, 2664.74, 4166197, 11
1581, 866, 1, 10, 0, 0, 0.02%, 0, 0, 3, 2688.63, 4180233, 11
1586, 869, 1, 10, 0, 0, 0.02%, 0, 0, 3, 2648.54, 4193939, 11
1591, 872, 1, 10, 0, 0, 0.02%, 0, 0, 3, 2583.25, 4207386, 11
1596, 875, 3, 10, 0, 0, 0.02%, 0, 0, 3, 2644.02, 4221058, 11
1601, 877, 1, 10, 0, 0, 0.02%, 0, 0, 3, 2529.45, 4233943, 11
1607, 880, 1, 10, 0, 0, 0.02%, 0, 0, 3, 2621.39, 4247724, 11
1612, 883, 3, 10, 0, 0, 0.02%, 0, 0, 3, 2736.57, 4261427, 11
1617, 886, 1, 10, 0, 0, 0.02%, 0, 0, 3, 2782.04, 4275488, 11
1622, 889, 3, 10, 0, 0, 0.02%, 0, 0, 3, 2746.55, 4289345, 11
1627, 892, 3, 10, 0, 0, 0.02%, 0, 0, 3, 2784.63, 4303201, 11
1632, 894, 8, 10, 0, 0, 0.02%, 0, 0, 3, 2806.99, 4317720, 11
1637, 898, 1, 10, 0, 0, 0.02%, 0, 0, 3, 2731.88, 4331792, 11
1642, 901, 1, 10, 0, 0, 0.02%, 0, 0, 3, 2802.25, 4346513, 11
1647, 904, 6, 10, 0, 0, 0.02%, 0, 0, 3, 2801.64, 4360994, 11
1653, 907, 8, 10, 0, 0, 0.02%, 0, 0, 3, 2623.18, 4374667, 11
1658, 909, 8, 10, 0, 0, 0.02%, 0, 0, 3, 1843.82, 4384052, 11
1663, 910, 1, 10, 0, 0, 0.02%, 0, 0, 3, 1453.76, 4390864, 11
1668, 911, 1, 10, 0, 0, 0.02%, 0, 0, 3, 1358.03, 4397582, 11
1673, 913, 1, 10, 0, 0, 0.02%, 0, 0, 3, 1493.42, 4405052, 11
1678, 915, 1, 10, 0, 0, 0.02%, 0, 0, 3, 1556.28, 4412940, 11
1683, 917, 1, 10, 0, 0, 0.02%, 0, 0, 3, 2026.19, 4423861, 11
1688, 919, 1, 10, 0, 0, 0.02%, 0, 0, 3, 2144.86, 4434892, 11
1693, 922, 1, 10, 0, 0, 0.02%, 0, 0, 3, 2229.25, 4446082, 11
1698, 924, 1, 10, 0, 0, 0.02%, 0, 0, 3, 2404.17, 4458686, 11
1703, 926, 1, 10, 0, 0, 0.02%, 0, 0, 3, 1926.55, 4467771, 11
1709, 928, 1, 10, 0, 0, 0.02%, 0, 0, 3, 2107.03, 4479033, 11
1714, 931, 8, 10, 0, 0, 0.02%, 0, 0, 3, 2237.03, 4490306, 11
1719, 933, 1, 10, 0, 0, 0.02%, 0, 0, 3, 1962.96, 4499701, 11
1724, 936, 1, 10, 0, 0, 0.02%, 0, 0, 3, 2503.65, 4513314, 11
1729, 938, 1, 10, 0, 0, 0.02%, 0, 0, 3, 2647.74, 4526693, 11
1734, 941, 1, 10, 0, 0, 0.02%, 0, 0, 3, 2622.45, 4540190, 11
1739, 944, 8, 10, 0, 0, 0.02%, 0, 0, 3, 2421.34, 4552509, 11
1744, 946, 1, 10, 0, 0, 0.02%, 0, 0, 3, 2485.97, 4564886, 11
