# relative_time, cycles_done, cur_item, corpus_count, pending_total, pending_favs, map_size, saved_crashes, saved_hangs, max_depth, execs_per_sec, total_execs, edges_found
61, 10, 1, 2, 0, 0, 0.05%, 1, 0, 1, 67.16, 4692, 33
66, 11, 1, 2, 0, 0, 0.05%, 1, 0, 1, 53.02, 4966, 33
71, 12, 1, 2, 0, 0, 0.05%, 1, 0, 1, 63.03, 5331, 33
76, 13, 1, 2, 0, 0, 0.05%, 1, 0, 1, 40.62, 5578, 33
81, 13, 1, 2, 0, 0, 0.05%, 1, 0, 1, 39.67, 5804, 33
86, 14, 1, 2, 0, 0, 0.05%, 1, 0, 1, 52.11, 6115, 33
91, 15, 1, 2, 0, 0, 0.05%, 1, 0, 1, 66.32, 6455, 33
97, 15, 1, 2, 0, 0, 0.05%, 1, 0, 1, 47.69, 6673, 33
102, 16, 1, 2, 0, 0, 0.05%, 1, 0, 1, 55.30, 6941, 33
107, 16, 1, 2, 0, 0, 0.05%, 1, 0, 1, 36.13, 7093, 33
112, 17, 1, 2, 0, 0, 0.05%, 1, 0, 1, 96.83, 7163, 33
117, 18, 1, 2, 0, 0, 0.05%, 1, 0, 1, 48.89, 7555, 33
122, 19, 1, 2, 0, 0, 0.05%, 1, 0, 1, 80.35, 8047, 33
128, 19, 1, 2, 0, 0, 0.05%, 1, 0, 1, 5.53, 8261, 33
133, 20, 1, 2, 0, 0, 0.05%, 1, 0, 1, 28.96, 8538, 33
138, 21, 1, 2, 0, 0, 0.05%, 1, 0, 1, 34.25, 8717, 33
143, 22, 1, 2, 0, 0, 0.05%, 1, 0, 1, 117.65, 9431, 33
148, 23, 1, 2, 0, 0, 0.05%, 1, 0, 1, 9.62, 9856, 33
154, 24, 1, 2, 0, 0, 0.05%, 1, 0, 1, 64.81, 10174, 33
159, 25, 1, 2, 0, 0, 0.05%, 1, 0, 1, 90.48, 10643, 33
164, 26, 1, 2, 0, 0, 0.05%, 1, 0, 1, 195.00, 10861, 33
169, 27, 1, 2, 0, 0, 0.05%, 1, 0, 1, 100.68, 11267, 33
174, 27, 1, 2, 0, 0, 0.05%, 1, 0, 1, 55.87, 11470, 33
179, 28, 1, 2, 0, 0, 0.05%, 1, 0, 1, 55.97, 11766, 33
184, 29, 1, 2, 0, 0, 0.05%, 1, 0, 1, 59.55, 12112, 33
189, 30, 1, 2, 0, 0, 0.05%, 1, 0, 1, 65.06, 12439, 33
194, 31, 1, 2, 0, 0, 0.05%, 1, 0, 1, 65.60, 12779, 33
200, 32, 1, 2, 0, 0, 0.05%, 1, 0, 1, 69.85, 13149, 33
205, 33, 1, 2, 0, 0, 0.05%, 1, 0, 1, 25.05, 13533, 33
210, 34, 1, 2, 0, 0, 0.05%, 1, 0, 1, 75.12, 14060, 33
215, 35, 1, 2, 0, 0, 0.05%, 1, 0, 1, 58.62, 14388, 33
220, 35, 1, 2, 0, 0, 0.05%, 1, 0, 1, 56.69, 14706, 33
225, 36, 1, 2, 0, 0, 0.05%, 1, 0, 1, 54.81, 15038, 33
230, 37, 1, 2, 0, 0, 0.05%, 1, 0, 1, 46.50, 15278, 33
235, 38, 1, 2, 0, 0, 0.05%, 1, 0, 1, 93.96, 15759, 33
240, 39, 1, 2, 0, 0, 0.05%, 1, 0, 1, 26.04, 15974, 33
245, 39, 1, 2, 0, 0, 0.05%, 1, 0, 1, 36.52, 16163, 33
250, 40, 1, 2, 0, 0, 0.05%, 1, 0, 1, 50.20, 16430, 33
255, 40, 1, 2, 0, 0, 0.05%, 1, 0, 1, 8.06, 16658, 33
261, 41, 1, 2, 0, 0, 0.05%, 1, 0, 1, 15.67, 16968, 33
266, 41, 1, 2, 0, 0, 0.05%, 1, 0, 1, 7.80, 17014, 33
271, 42, 1, 2, 0, 0, 0.05%, 1, 0, 1, 75.01, 17228, 33
276, 42, 1, 2, 0, 0, 0.05%, 1, 0, 1, 43.26, 17450, 33
281, 43, 1, 2, 0, 0, 0.05%, 1, 0, 1, 46.15, 17672, 33
286, 44, 1, 2, 0, 0, 0.05%, 1, 0, 1, 68.40, 18020, 33
291, 45, 1, 2, 0, 0, 0.05%, 1, 0, 1, 80.13, 18444, 33
296, 45, 1, 2, 0, 0, 0.05%, 1, 0, 1, 29.38, 18607, 33
301, 46, 1, 2, 0, 0, 0.05%, 1, 0, 1, 81.07, 19024, 33
307, 47, 1, 2, 0, 0, 0.05%, 1, 0, 1, 26.08, 19342, 33
312, 48, 1, 2, 0, 0, 0.05%, 1, 0, 1, 69.74, 19610, 33
317, 48, 1, 2, 0, 0, 0.05%, 1, 0, 1, 55.74, 19840, 33
322, 49, 1, 2, 0, 0, 0.05%, 1, 0, 1, 52.02, 20076, 33
327, 50, 1, 2, 0, 0, 0.05%, 1, 0, 1, 99.39, 20611, 33
332, 51, 1, 2, 0, 0, 0.05%, 1, 0, 1, 63.28, 20913, 33
337, 52, 1, 2, 0, 0, 0.05%, 1, 0, 1, 81.81, 21364, 33
342, 53, 1, 2, 0, 0, 0.05%, 1, 0, 1, 65.34, 21688, 33
347, 54, 1, 2, 0, 0, 0.05%, 1, 0, 1, 103.66, 22269, 33
352, 55, 1, 2, 0, 0, 0.05%, 1, 0, 1, 64.29, 22514, 33
358, 56, 1, 2, 0, 0, 0.05%, 1, 0, 1, 71.44, 22815, 33
363, 56, 1, 2, 0, 0, 0.05%, 1, 0, 1, 43.77, 23017, 33
368, 57, 1, 2, 0, 0, 0.05%, 1, 0, 1, 75.32, 23375, 33
373, 58, 1, 2, 0, 0, 0.05%, 1, 0, 1, 58.04, 23742, 33
378, 59, 1, 2, 0, 0, 0.05%, 1, 0, 1, 52.65, 23974, 33
383, 60, 1, 2, 0, 0, 0.05%, 1, 0, 1, 82.59, 24483, 33
388, 61, 1, 2, 0, 0, 0.05%, 1, 0, 1, 72.18, 24857, 33
393, 62, 1, 2, 0, 0, 0.05%, 1, 0, 1, 55.80, 25126, 33
398, 62, 1, 2, 0, 0, 0.05%, 1, 0, 1, 53.79, 25386, 33
403, 63, 1, 2, 0, 0, 0.05%, 1, 0, 1, 35.36, 25520, 33
409, 64, 1, 2, 0, 0, 0.05%, 1, 0, 1, 15.35, 25998, 33
414, 64, 1, 2, 0, 0, 0.05%, 1, 0, 1, 35.50, 26192, 33
419, 65, 1, 2, 0, 0, 0.05%, 1, 0, 1, 48.00, 26424, 33
424, 65, 1, 2, 0, 0, 0.05%, 1, 0, 1, 15.20, 26670, 33
429, 66, 1, 2, 0, 0, 0.05%, 1, 0, 1, 68.67, 27042, 33
434, 67, 1, 2, 0, 0, 0.05%, 1, 0, 1, 64.62, 27333, 33
440, 68, 1, 2, 0, 0, 0.05%, 1, 0, 1, 55.57, 27618, 33
445, 68, 1, 2, 0, 0, 0.05%, 1, 0, 1, 38.84, 27808, 33
450, 69, 1, 2, 0, 0, 0.05%, 1, 0, 1, 32.92, 27978, 33
455, 69, 1, 2, 0, 0, 0.05%, 1, 0, 1, 130.50, 28305, 33
460, 70, 1, 2, 0, 0, 0.05%, 1, 0, 1, 72.25, 28548, 33
465, 71, 1, 2, 0, 0, 0.05%, 1, 0, 1, 101.31, 29039, 33
470, 72, 1, 2, 0, 0, 0.05%, 1, 0, 1, 82.99, 29434, 33
475, 73, 1, 2, 0, 0, 0.05%, 1, 0, 1, 43.40, 29597, 33
480, 73, 1, 2, 0, 0, 0.05%, 1, 0, 1, 47.16, 29799, 33
485, 74, 1, 2, 0, 0, 0.05%, 1, 0, 1, 82.29, 30185, 33
490, 75, 1, 2, 0, 0, 0.05%, 1, 0, 1, 66.16, 30511, 33
495, 76, 1, 2, 0, 0, 0.05%, 1, 0, 1, 79.17, 30904, 33
501, 77, 1, 2, 0, 0, 0.05%, 1, 0, 1, 56.73, 31223, 33
506, 77, 1, 2, 0, 0, 0.05%, 1, 0, 1, 43.17, 31405, 33
511, 78, 1, 2, 0, 0, 0.05%, 1, 0, 1, 61.94, 31811, 33
516, 79, 1, 2, 0, 0, 0.05%, 1, 0, 1, 57.68, 32133, 33
521, 80, 1, 2, 0, 0, 0.05%, 1, 0, 1, 89.69, 32518, 33
526, 81, 1, 2, 0, 0, 0.05%, 1, 0, 1, 75.13, 32914, 33
531, 82, 1, 2, 0, 0, 0.05%, 1, 0, 1, 69.30, 33205, 33
536, 83, 1, 2, 0, 0, 0.05%, 1, 0, 1, 54.16, 33523, 33
541, 83, 1, 2, 0, 0, 0.05%, 1, 0, 1, 62.16, 33874, 33
546, 84, 1, 2, 0, 0, 0.05%, 1, 0, 1, 54.37, 34175, 33
552, 85, 1, 2, 0, 0, 0.05%, 1, 0, 1, 59.59, 34506, 33
557, 86, 1, 2, 0, 0, 0.05%, 1, 0, 1, 56.29, 34827, 33
562, 87, 1, 2, 0, 0, 0.05%, 1, 0, 1, 88.25, 35297, 33
567, 88, 1, 2, 0, 0, 0.05%, 1, 0, 1, 93.55, 35759, 33
572, 89, 1, 2, 0, 0, 0.05%, 1, 0, 1, 47.52, 35956, 33
577, 89, 1, 2, 0, 0, 0.05%, 1, 0, 1, 44.62, 36162, 33
582, 90, 1, 2, 0, 0, 0.05%, 1, 0, 1, 71.29, 36597, 33
587, 91, 1, 2, 0, 0, 0.05%, 1, 0, 1, 65.82, 36948, 33
593, 92, 1, 2, 0, 0, 0.05%, 1, 0, 1, 43.19, 37154, 33
598, 92, 1, 2, 0, 0, 0.05%, 1, 0, 1, 58.88, 37441, 33
603, 93, 1, 2, 0, 0, 0.05%, 1, 0, 1, 57.97, 37690, 33
608, 94, 1, 2, 0, 0, 0.05%, 1, 0, 1, 80.98, 38079, 33
613, 95, 1, 2, 0, 0, 0.05%, 1, 0, 1, 80.78, 38463, 33
618, 96, 1, 2, 0, 0, 0.05%, 1, 0, 1, 50.78, 38716, 33
623, 96, 1, 2, 0, 0, 0.05%, 1, 0, 1, 54.96, 38998, 33
628, 97, 1, 2, 0, 0, 0.05%, 1, 0, 1, 70.03, 39356, 33
634, 99, 1, 2, 0, 0, 0.05%, 1, 0, 1, 118.73, 39957, 33
639, 99, 1, 2, 0, 0, 0.05%, 1, 0, 1, 41.09, 40234, 33
644, 100, 1, 2, 0, 0, 0.05%, 1, 0, 1, 46.03, 40529, 33
649, 101, 1, 2, 0, 0, 0.05%, 1, 0, 1, 50.43, 40788, 33
654, 101, 1, 2, 0, 0, 0.05%, 1, 0, 1, 42.71, 41036, 33
659, 102, 1, 2, 0, 0, 0.05%, 1, 0, 1, 60.59, 41317, 33
