# relative_time, cycles_done, cur_item, corpus_count, pending_total, pending_favs, map_size, saved_crashes, saved_hangs, max_depth, execs_per_sec, total_execs, edges_found
61, 17, 0, 10, 0, 0, 0.02%, 0, 0, 4, 2321.92, 153118, 14
66, 19, 8, 10, 0, 0, 0.02%, 0, 0, 4, 2182.94, 164647, 14
72, 21, 9, 10, 0, 0, 0.02%, 0, 0, 4, 2377.18, 176818, 14
77, 23, 9, 10, 0, 0, 0.02%, 0, 0, 4, 2392.47, 189183, 14
82, 25, 9, 10, 0, 0, 0.02%, 0, 0, 4, 2503.58, 202288, 14
87, 27, 8, 10, 0, 0, 0.02%, 0, 0, 4, 2630.84, 215952, 14
92, 29, 9, 10, 0, 0, 0.02%, 0, 0, 4, 2526.13, 228903, 14
97, 31, 0, 10, 0, 0, 0.02%, 0, 0, 4, 2659.60, 242320, 14
102, 34, 9, 10, 0, 0, 0.02%, 0, 0, 4, 2697.70, 256074, 14
108, 36, 9, 10, 0, 0, 0.02%, 0, 0, 4, 2706.62, 269858, 14
113, 38, 9, 10, 0, 0, 0.02%, 0, 0, 4, 2700.43, 283395, 14
118, 40, 9, 10, 0, 0, 0.02%, 0, 0, 4, 2591.08, 296703, 14
123, 42, 8, 10, 0, 0, 0.02%, 0, 0, 4, 2440.33, 309176, 14
128, 44, 8, 10, 0, 0, 0.02%, 0, 0, 4, 2519.63, 322023, 14
133, 47, 9, 10, 0, 0, 0.02%, 0, 0, 4, 2538.69, 335447, 14
138, 48, 8, 10, 0, 0, 0.02%, 0, 0, 4, 2488.89, 347721, 14
143, 50, 8, 10, 0, 0, 0.02%, 0, 0, 4, 2476.60, 360329, 14
149, 52, 9, 10, 0, 0, 0.02%, 0, 0, 4, 2585.39, 374173, 14
154, 54, 9, 10, 0, 0, 0.02%, 0, 0, 4, 2512.77, 387217, 14
159, 56, 3, 10, 0, 0, 0.02%, 0, 0, 4, 2315.96, 398799, 14
164, 58, 8, 10, 0, 0, 0.02%, 0, 0, 4, 2494.70, 412107, 14
169, 60, 8, 10, 0, 0, 0.02%, 0, 0, 4, 2139.59, 423554, 14
174, 62, 9, 10, 0, 0, 0.02%, 0, 0, 4, 2106.10, 434150, 14
180, 64, 9, 10, 0, 0, 0.02%, 0, 0, 4, 2400.89, 446744, 14
185, 66, 9, 10, 0, 0, 0.02%, 0, 0, 4, 2509.51, 459535, 14
190, 68, 9, 10, 0, 0, 0.02%, 0, 0, 4, 2428.52, 472139, 14
195, 70, 9, 10, 0, 0, 0.02%, 0, 0, 4, 2536.65, 485025, 14
200, 72, 8, 10, 0, 0, 0.02%, 0, 0, 4, 2666.31, 498987, 14
205, 74, 8, 10, 0, 0, 0.02%, 0, 0, 4, 2495.55, 511795, 14
210, 77, 8, 10, 0, 0, 0.02%, 0, 0, 4, 2564.82, 524904, 14
215, 79, 9, 10, 0, 0, 0.02%, 0, 0, 4, 2454.33, 537024, 14
221, 81, 8, 10, 0, 0, 0.02%, 0, 0, 4, 2439.68, 549490, 14
226, 83, 9, 10, 0, 0, 0.02%, 0, 0, 4, 2467.54, 562442, 14
231, 85, 9, 10, 0, 0, 0.02%, 0, 0, 4, 2626.12, 576064, 14
236, 87, 8, 10, 0, 0, 0.02%, 0, 0, 4, 2503.75, 588958, 14
241, 89, 0, 10, 0, 0, 0.02%, 0, 0, 4, 2245.58, 600805, 14
247, 90, 9, 10, 0, 0, 0.02%, 0, 0, 4, 1958.23, 610576, 14
252, 92, 9, 10, 0, 0, 0.02%, 0, 0, 4, 1987.37, 620584, 14
257, 94, 9, 10, 0, 0, 0.02%, 0, 0, 4, 2062.73, 629954, 14
262, 96, 9, 10, 0, 0, 0.02%, 0, 0, 4, 2284.03, 642549, 14
267, 97, 9, 10, 0, 0, 0.02%, 0, 0, 4, 2090.96, 653044, 14
272, 99, 8, 10, 0, 0, 0.02%, 0, 0, 4, 1979.93, 663228, 14
277, 101, 7, 10, 0, 0, 0.02%, 0, 0, 4, 2299.71, 675556, 14
282, 103, 8, 10, 0, 0, 0.02%, 0, 0, 4, 2232.25, 686552, 14
288, 105, 9, 10, 0, 0, 0.02%, 0, 0, 4, 2412.06, 699097, 14
293, 107, 8, 10, 0, 0, 0.02%, 0, 0, 4, 2335.78, 711007, 14
298, 109, 9, 10, 0, 0, 0.02%, 0, 0, 4, 2374.95, 722916, 14
303, 111, 9, 10, 0, 0, 0.02%, 0, 0, 4, 2506.34, 735861, 14
308, 113, 9, 10, 0, 0, 0.02%, 0, 0, 4, 2461.98, 748716, 14
313, 115, 9, 10, 0, 0, 0.02%, 0, 0, 4, 2454.96, 760919, 14
318, 117, 9, 10, 0, 0, 0.02%, 0, 0, 4, 2493.66, 773754, 14
323, 119, 9, 10, 0, 0, 0.02%, 0, 0, 4, 2619.24, 787316, 14
329, 122, 8, 10, 0, 0, 0.02%, 0, 0, 4, 2590.35, 800608, 14
334, 124, 8, 10, 0, 0, 0.02%, 0, 0, 4, 2634.37, 814170, 14
339, 126, 5, 10, 0, 0, 0.02%, 0, 0, 4, 2648.19, 827642, 14
344, 128, 9, 10, 0, 0, 0.02%, 0, 0, 4, 2430.96, 840222, 14
349, 130, 9, 10, 0, 0, 0.02%, 0, 0, 4, 2442.44, 852794, 14
354, 132, 9, 10, 0, 0, 0.02%, 0, 0, 4, 2430.00, 865517, 14
360, 134, 8, 10, 0, 0, 0.02%, 0, 0, 4, 2617.49, 879249, 14
365, 136, 9, 10, 0, 0, 0.02%, 0, 0, 4, 2599.33, 892330, 14
370, 138, 9, 10, 0, 0, 0.02%, 0, 0, 4, 2349.36, 904351, 14
375, 141, 9, 10, 0, 0, 0.02%, 0, 0, 4, 2559.07, 917381, 14
380, 143, 9, 10, 0, 0, 0.02%, 0, 0, 4, 2607.77, 931195, 14
385, 145, 9, 10, 0, 0, 0.02%, 0, 0, 4, 2538.32, 944183, 14
390, 147, 9, 10, 0, 0, 0.02%, 0, 0, 4, 2095.00, 954638, 14
396, 149, 9, 10, 0, 0, 0.02%, 0, 0, 4, 2175.66, 965952, 14
401, 151, 9, 10, 0, 0, 0.02%, 0, 0, 4, 2098.52, 976378, 14
406, 153, 9, 10, 0, 0, 0.02%, 0, 0, 4, 2609.07, 990321, 14
411, 155, 9, 10, 0, 0, 0.02%, 0, 0, 4, 2472.03, 1003533, 14
416, 157, 0, 10, 0, 0, 0.02%, 0, 0, 4, 2449.15, 1016157, 14
421, 159, 9, 10, 0, 0, 0.02%, 0, 0, 4, 2489.95, 1028834, 14
426, 161, 9, 10, 0, 0, 0.02%, 0, 0, 4, 2499.98, 1041470, 14
432, 163, 9, 10, 0, 0, 0.02%, 0, 0, 4, 2377.25, 1053953, 14
437, 166, 8, 10, 0, 0, 0.02%, 0, 0, 4, 2523.90, 1066971, 14
442, 167, 8, 10, 0, 0, 0.02%, 0, 0, 4, 2026.48, 1077091, 14
447, 169, 0, 10, 0, 0, 0.02%, 0, 0, 4, 1785.06, 1086905, 14
452, 171, 9, 10, 0, 0, 0.02%, 0, 0, 4, 2173.00, 1098658, 14
457, 173, 9, 10, 0, 0, 0.02%, 0, 0, 4, 2321.61, 1110867, 14
463, 175, 9, 10, 0, 0, 0.02%, 0, 0, 4, 2221.70, 1122177, 14
468, 177, 9, 10, 0, 0, 0.02%, 0, 0, 4, 2518.57, 1135291, 14
473, 179, 8, 10, 0, 0, 0.02%, 0, 0, 4, 2377.87, 1147736, 14
478, 181, 9, 10, 0, 0, 0.02%, 0, 0, 4, 2530.39, 1160924, 14
483, 183, 9, 10, 0, 0, 0.02%, 0, 0, 4, 2274.33, 1172796, 14
488, 184, 3, 10, 0, 0, 0.02%, 0, 0, 4, 2124.00, 1183496, 14
493, 187, 8, 10, 0, 0, 0.02%, 0, 0, 4, 2471.56, 1196430, 14
499, 189, 0, 10, 0, 0, 0.02%, 0, 0, 4, 2266.71, 1208140, 14
504, 191, 6, 10, 0, 0, 0.02%, 0, 0, 4, 2482.90, 1221080, 14
509, 193, 6, 10, 0, 0, 0.02%, 0, 0, 4, 2492.50, 1233386, 14
514, 195, 5, 10, 0, 0, 0.02%, 0, 0, 4, 2427.46, 1245858, 14
519, 197, 9, 10, 0, 0, 0.02%, 0, 0, 4, 2501.19, 1258485, 14
524, 199, 9, 10, 0, 0, 0.02%, 0, 0, 4, 2373.85, 1270511, 14
530, 201, 9, 10, 0, 0, 0.02%, 0, 0, 4, 2358.48, 1282582, 14
535, 204, 9, 10, 0, 0, 0.02%, 0, 0, 4, 2655.46, 1296518, 14
540, 206, 0, 10, 0, 0, 0.02%, 0, 0, 4, 2451.81, 1309149, 14
545, 208, 9, 10, 0, 0, 0.02%, 0, 0, 4, 2625.67, 1322929, 14
550, 210, 9, 10, 0, 0, 0.02%, 0, 0, 4, 2316.35, 1334172, 14
555, 212, 9, 10, 0, 0, 0.02%, 0, 0, 4, 2368.93, 1346098, 14
561, 214, 9, 10, 0, 0, 0.02%, 0, 0, 4, 2545.41, 1359281, 14
566, 216, 8, 10, 0, 0, 0.02%, 0, 0, 4, 2520.05, 1372472, 14
571, 218, 9, 10, 0, 0, 0.02%, 0, 0, 4, 2194.58, 1383196, 14
576, 220, 5, 10, 0, 0, 0.02%, 0, 0, 4, 2532.52, 1396739, 14
581, 223, 0, 10, 0, 0, 0.02%, 0, 0, 4, 2568.58, 1410044, 14
586, 225, 9, 10, 0, 0, 0.02%, 0, 0, 4, 2365.48, 1422038, 14
591, 227, 9, 10, 0, 0, 0.02%, 0, 0, 4, 2584.06, 1435525, 14
597, 229, 9, 10, 0, 0, 0.02%, 0, 0, 4, 2604.98, 1448790, 14
602, 231, 9, 10, 0, 0, 0.02%, 0, 0, 4, 2699.59, 1462823, 14
607, 233, 4, 10, 0, 0, 0.02%, 0, 0, 4, 2455.04, 1475607, 14
609, 234, 8, 10, 0, 0, 0.02%, 0, 0, 4, 2476.53, 1480921, 14
