# relative_time, cycles_done, cur_item, corpus_count, pending_total, pending_favs, map_size, saved_crashes, saved_hangs, max_depth, execs_per_sec, total_execs, edges_found
61, 11, 1, 2, 0, 0, 0.04%, 1, 1, 1, 66.36, 4735, 28
66, 12, 1, 2, 0, 0, 0.04%, 1, 1, 1, 84.16, 5138, 28
71, 12, 1, 2, 0, 0, 0.04%, 1, 1, 1, 52.02, 5387, 28
76, 13, 1, 2, 0, 0, 0.04%, 1, 1, 1, 56.10, 5667, 28
81, 13, 1, 2, 0, 0, 0.04%, 1, 1, 1, 55.03, 5913, 28
86, 14, 1, 2, 0, 0, 0.04%, 1, 1, 1, 60.89, 6232, 28
92, 15, 1, 2, 0, 0, 0.04%, 1, 1, 1, 60.10, 6548, 28
97, 16, 1, 2, 0, 0, 0.04%, 1, 1, 1, 43.60, 6759, 28
102, 16, 1, 2, 0, 0, 0.04%, 1, 1, 1, 43.76, 7001, 28
107, 16, 1, 2, 0, 0, 0.04%, 1, 1, 1, 0.45, 7091, 28
112, 17, 1, 2, 0, 0, 0.04%, 1, 1, 1, 25.49, 7126, 28
117, 17, 1, 2, 0, 0, 0.04%, 1, 1, 1, 43.42, 7492, 28
122, 19, 1, 2, 0, 0, 0.04%, 1, 1, 1, 90.35, 8027, 28
127, 20, 1, 2, 0, 0, 0.04%, 1, 1, 1, 89.37, 8462, 28
133, 20, 1, 2, 0, 0, 0.04%, 1, 1, 1, 33.91, 8671, 28
138, 22, 1, 2, 0, 0, 0.04%, 1, 1, 1, 112.85, 9262, 28
143, 23, 1, 2, 0, 0, 0.04%, 1, 1, 1, 105.37, 9844, 28
148, 24, 1, 2, 0, 0, 0.04%, 1, 1, 1, 40.41, 10171, 28
153, 25, 1, 2, 0, 0, 0.04%, 1, 1, 1, 85.52, 10656, 28
158, 26, 1, 2, 0, 0, 0.04%, 1, 1, 1, 79.68, 10968, 28
163, 27, 1, 2, 0, 0, 0.04%, 1, 1, 1, 66.91, 11327, 28
168, 28, 1, 2, 0, 0, 0.04%, 1, 1, 1, 60.01, 11575, 28
173, 29, 1, 2, 0, 0, 0.04%, 1, 1, 1, 78.23, 11950, 28
178, 29, 1, 2, 0, 0, 0.04%, 1, 1, 1, 69.47, 12243, 28
184, 30, 1, 2, 0, 0, 0.04%, 1, 1, 1, 0.41, 12315, 28
189, 30, 1, 2, 0, 0, 0.04%, 1, 1, 1, 129.43, 12482, 28
194, 31, 1, 2, 0, 0, 0.04%, 1, 1, 1, 71.83, 12786, 28
199, 31, 1, 2, 0, 0, 0.04%, 1, 1, 1, 38.21, 13101, 28
204, 32, 1, 2, 0, 0, 0.04%, 1, 1, 1, 61.77, 13503, 28
210, 34, 1, 2, 0, 0, 0.04%, 1, 1, 1, 99.30, 14074, 28
215, 35, 1, 2, 0, 0, 0.04%, 1, 1, 1, 15.16, 14401, 28
220, 36, 1, 2, 0, 0, 0.04%, 1, 1, 1, 51.72, 14782, 28
225, 37, 1, 2, 0, 0, 0.04%, 1, 1, 1, 62.37, 15128, 28
230, 37, 1, 2, 0, 0, 0.04%, 1, 1, 1, 54.42, 15366, 28
235, 38, 1, 2, 0, 0, 0.04%, 1, 1, 1, 18.84, 15877, 28
240, 39, 1, 2, 0, 0, 0.04%, 1, 1, 1, 32.03, 16056, 28
245, 39, 1, 2, 0, 0, 0.04%, 1, 1, 1, 46.36, 16284, 28
251, 40, 1, 2, 0, 0, 0.04%, 1, 1, 1, 50.22, 16594, 28
256, 41, 1, 2, 0, 0, 0.04%, 1, 1, 1, 76.69, 16913, 28
261, 41, 1, 2, 0, 0, 0.04%, 1, 1, 1, 7.55, 17005, 28
266, 41, 1, 2, 0, 0, 0.04%, 1, 1, 1, 50.89, 17090, 28
271, 42, 1, 2, 0, 0, 0.04%, 1, 1, 1, 52.54, 17384, 28
276, 43, 1, 2, 0, 0, 0.04%, 1, 1, 1, 37.91, 17547, 28
281, 43, 1, 2, 0, 0, 0.04%, 1, 1, 1, 57.01, 17841, 28
286, 45, 1, 2, 0, 0, 0.04%, 1, 1, 1, 104.68, 18354, 28
291, 45, 1, 2, 0, 0, 0.04%, 1, 1, 1, 29.21, 18581, 28
297, 46, 1, 2, 0, 0, 0.04%, 1, 1, 1, 70.41, 18939, 28
302, 47, 1, 2, 0, 0, 0.04%, 1, 1, 1, 59.32, 19312, 28
307, 48, 1, 2, 0, 0, 0.04%, 1, 1, 1, 53.30, 19599, 28
312, 48, 1, 2, 0, 0, 0.04%, 1, 1, 1, 4.53, 19650, 28
317, 48, 1, 2, 0, 0, 0.04%, 1, 1, 1, 70.75, 19726, 28
322, 49, 1, 2, 0, 0, 0.04%, 1, 1, 1, 67.11, 20029, 28
327, 50, 1, 2, 0, 0, 0.04%, 1, 1, 1, 82.56, 20387, 28
332, 51, 1, 2, 0, 0, 0.04%, 1, 1, 1, 24.68, 20804, 28
337, 52, 1, 2, 0, 0, 0.04%, 1, 1, 1, 241.84, 21244, 28
342, 53, 1, 2, 0, 0, 0.04%, 1, 1, 1, 74.16, 21644, 28
348, 54, 1, 2, 0, 0, 0.04%, 1, 1, 1, 120.98, 22214, 28
353, 55, 1, 2, 0, 0, 0.04%, 1, 1, 1, 63.55, 22455, 28
358, 56, 1, 2, 0, 0, 0.04%, 1, 1, 1, 52.23, 22763, 28
363, 56, 1, 2, 0, 0, 0.04%, 1, 1, 1, 44.95, 23019, 28
368, 58, 1, 2, 0, 0, 0.04%, 1, 1, 1, 480.77, 23624, 28
373, 58, 1, 2, 0, 0, 0.04%, 1, 1, 1, 32.48, 23796, 28
378, 60, 1, 2, 0, 0, 0.04%, 1, 1, 1, 106.54, 24340, 28
390, 61, 1, 2, 0, 0, 0.04%, 1, 1, 1, 0.72, 24721, 28
395, 61, 1, 2, 0, 0, 0.04%, 1, 1, 1, 5.79, 24905, 28
400, 62, 1, 2, 0, 0, 0.04%, 1, 1, 1, 51.71, 25152, 28
405, 62, 1, 2, 0, 0, 0.04%, 1, 1, 1, 12.91, 25393, 28
410, 63, 1, 2, 0, 0, 0.04%, 1, 1, 1, 238.17, 25678, 28
415, 64, 1, 2, 0, 0, 0.04%, 1, 1, 1, 33.51, 26089, 28
421, 65, 1, 2, 0, 0, 0.04%, 1, 1, 1, 57.11, 26390, 28
426, 65, 1, 2, 0, 0, 0.04%, 1, 1, 1, 52.95, 26698, 28
431, 66, 1, 2, 0, 0, 0.04%, 1, 1, 1, 73.96, 27110, 28
436, 68, 1, 2, 0, 0, 0.04%, 1, 1, 1, 68.86, 27524, 28
441, 68, 1, 2, 0, 0, 0.04%, 1, 1, 1, 45.91, 27751, 28
446, 68, 1, 2, 0, 0, 0.04%, 1, 1, 1, 27.96, 27903, 28
455, 69, 1, 2, 0, 0, 0.04%, 1, 1, 1, 2.11, 27981, 28
464, 69, 1, 2, 0, 0, 0.04%, 1, 1, 1, 2.41, 28001, 28
469, 70, 1, 2, 0, 0, 0.04%, 1, 1, 1, 157.85, 28344, 28
474, 70, 1, 2, 0, 0, 0.04%, 1, 1, 1, 84.49, 28611, 28
479, 72, 1, 2, 0, 0, 0.04%, 1, 1, 1, 116.22, 29296, 28
484, 73, 1, 2, 0, 0, 0.04%, 1, 1, 1, 57.48, 29557, 28
489, 73, 1, 2, 0, 0, 0.04%, 1, 1, 1, 42.56, 29740, 28
494, 75, 1, 2, 0, 0, 0.04%, 1, 1, 1, 117.79, 30326, 28
500, 76, 1, 2, 0, 0, 0.04%, 1, 1, 1, 82.50, 30720, 28
505, 77, 1, 2, 0, 0, 0.04%, 1, 1, 1, 77.64, 31226, 28
510, 77, 1, 2, 0, 0, 0.04%, 1, 1, 1, 54.38, 31441, 28
515, 78, 1, 2, 0, 0, 0.04%, 1, 1, 1, 18.22, 31514, 28
520, 79, 1, 2, 0, 0, 0.04%, 1, 1, 1, 7.68, 31996, 28
526, 79, 1, 2, 0, 0, 0.04%, 1, 1, 1, 51.39, 32161, 28
531, 80, 1, 2, 0, 0, 0.04%, 1, 1, 1, 90.47, 32576, 28
536, 81, 1, 2, 0, 0, 0.04%, 1, 1, 1, 70.96, 32974, 28
541, 82, 1, 2, 0, 0, 0.04%, 1, 1, 1, 144.61, 33402, 28
546, 83, 1, 2, 0, 0, 0.04%, 1, 1, 1, 16.95, 33714, 28
551, 84, 1, 2, 0, 0, 0.04%, 1, 1, 1, 124.91, 34142, 28
556, 85, 1, 2, 0, 0, 0.04%, 1, 1, 1, 105.73, 34480, 28
562, 86, 1, 2, 0, 0, 0.04%, 1, 1, 1, 74.78, 34865, 28
567, 87, 1, 2, 0, 0, 0.04%, 1, 1, 1, 81.42, 35472, 28
575, 88, 1, 2, 0, 0, 0.04%, 1, 1, 1, 0.17, 35656, 28
580, 89, 1, 2, 0, 0, 0.04%, 1, 1, 1, 7.35, 35945, 28
585, 89, 1, 2, 0, 0, 0.04%, 1, 1, 1, 18.96, 36033, 28
590, 90, 1, 2, 0, 0, 0.04%, 1, 1, 1, 64.89, 36334, 28
596, 91, 1, 2, 0, 0, 0.04%, 1, 1, 1, 84.94, 36818, 28
601, 91, 1, 2, 0, 0, 0.04%, 1, 1, 1, 55.48, 37080, 28
606, 92, 1, 2, 0, 0, 0.04%, 1, 1, 1, 392.69, 37494, 28
611, 93, 1, 2, 0, 0, 0.04%, 1, 1, 1, 56.35, 37844, 28
616, 94, 1, 2, 0, 0, 0.04%, 1, 1, 1, 31.89, 38176, 28
621, 95, 1, 2, 0, 0, 0.04%, 1, 1, 1, 75.12, 38551, 28
626, 95, 1, 2, 0, 0, 0.04%, 1, 1, 1, 60.02, 38707, 28
632, 96, 1, 2, 0, 0, 0.04%, 1, 1, 1, 11.72, 39071, 28
637, 97, 1, 2, 0, 0, 0.04%, 1, 1, 1, 51.75, 39360, 28
642, 98, 1, 2, 0, 0, 0.04%, 1, 1, 1, 72.81, 39744, 28
647, 99, 1, 2, 0, 0, 0.04%, 1, 1, 1, 165.53, 40074, 28
652, 100, 1, 2, 0, 0, 0.04%, 1, 1, 1, 163.03, 40513, 28
657, 101, 1, 2, 0, 0, 0.04%, 1, 1, 1, 95.99, 40925, 28
662, 103, 1, 2, 0, 0, 0.04%, 1, 1, 1, 127.22, 41522, 28
667, 104, 1, 2, 0, 0, 0.04%, 1, 1, 1, 86.74, 41947, 28
672, 104, 1, 2, 0, 0, 0.04%, 1, 1, 1, 67.71, 42229, 28
678, 105, 1, 2, 0, 0, 0.04%, 1, 1, 1, 104.85, 42686, 28
683, 106, 1, 2, 0, 0, 0.04%, 1, 1, 1, 45.70, 42911, 28
689, 107, 1, 2, 0, 0, 0.04%, 1, 1, 1, 16.86, 43202, 28
694, 107, 1, 2, 0, 0, 0.04%, 1, 1, 1, 43.65, 43467, 28
699, 109, 1, 2, 0, 0, 0.04%, 1, 1, 1, 84.60, 43928, 28
705, 110, 1, 2, 0, 0, 0.04%, 1, 1, 1, 0.96, 44371, 28
710, 110, 1, 2, 0, 0, 0.04%, 1, 1, 1, 37.50, 44553, 28
715, 111, 1, 2, 0, 0, 0.04%, 1, 1, 1, 49.80, 44792, 28
720, 112, 1, 2, 0, 0, 0.04%, 1, 1, 1, 104.15, 45418, 28
725, 113, 1, 2, 0, 0, 0.04%, 1, 1, 1, 106.40, 45812, 28
730, 114, 1, 2, 0, 0, 0.04%, 1, 1, 1, 70.03, 46173, 28
736, 115, 1, 2, 0, 0, 0.04%, 1, 1, 1, 17.64, 46450, 28
741, 116, 1, 2, 0, 0, 0.04%, 1, 1, 1, 57.03, 46791, 28
746, 116, 1, 2, 0, 0, 0.04%, 1, 1, 1, 42.39, 47003, 28
751, 117, 1, 2, 0, 0, 0.04%, 1, 1, 1, 73.36, 47467, 28
756, 119, 1, 2, 0, 0, 0.04%, 1, 1, 1, 29.00, 48016, 28
757, 119, 1, 2, 0, 0, 0.04%, 1, 1, 1, 43.55, 48093, 28
