# relative_time, cycles_done, cur_item, corpus_count, pending_total, pending_favs, map_size, saved_crashes, saved_hangs, max_depth, execs_per_sec, total_execs, edges_found
60, 0, 0, 29, 28, 1, 0.08%, 2, 0, 2, 2686.21, 160100, 52
65, 0, 0, 29, 28, 1, 0.08%, 2, 0, 2, 2622.35, 173515, 52
71, 0, 0, 29, 28, 1, 0.08%, 2, 0, 2, 2689.76, 187183, 52
76, 0, 0, 29, 28, 1, 0.08%, 2, 0, 2, 2640.26, 200451, 52
81, 0, 0, 29, 28, 1, 0.08%, 2, 0, 2, 2686.36, 214213, 52
86, 0, 0, 29, 28, 1, 0.08%, 2, 0, 2, 2563.11, 227098, 52
91, 0, 0, 29, 28, 1, 0.08%, 2, 0, 2, 2633.82, 240491, 52
96, 0, 0, 29, 28, 1, 0.08%, 2, 0, 2, 2630.49, 253855, 52
101, 0, 0, 29, 28, 1, 0.08%, 2, 0, 2, 2651.98, 267115, 52
106, 0, 0, 29, 28, 1, 0.08%, 2, 0, 2, 2629.95, 280427, 52
111, 0, 0, 29, 28, 1, 0.08%, 2, 0, 2, 2621.20, 293427, 52
116, 0, 0, 30, 29, 1, 0.08%, 2, 0, 2, 2629.06, 306850, 52
121, 0, 0, 30, 29, 1, 0.08%, 2, 0, 2, 2516.54, 319441, 52
126, 0, 0, 30, 29, 1, 0.08%, 2, 0, 2, 2643.59, 333318, 52
131, 0, 0, 30, 29, 1, 0.08%, 2, 0, 2, 2641.44, 346786, 52
137, 0, 0, 30, 29, 1, 0.08%, 2, 0, 2, 2673.81, 360288, 52
142, 0, 0, 30, 29, 1, 0.08%, 2, 0, 2, 2578.86, 373424, 52
147, 0, 0, 30, 29, 1, 0.08%, 2, 0, 2, 2617.18, 386566, 52
152, 0, 0, 30, 29, 1, 0.08%, 2, 0, 2, 2627.58, 399878, 52
157, 0, 0, 30, 29, 1, 0.08%, 2, 0, 2, 2668.01, 413394, 52
162, 0, 0, 30, 29, 1, 0.08%, 2, 0, 2, 2676.90, 427015, 52
167, 0, 0, 30, 29, 1, 0.08%, 2, 0, 2, 2607.80, 440265, 52
172, 0, 0, 30, 29, 1, 0.08%, 2, 0, 2, 2596.31, 453545, 52
177, 0, 0, 30, 29, 1, 0.08%, 2, 0, 2, 2654.80, 467454, 52
182, 0, 0, 30, 29, 1, 0.08%, 2, 0, 2, 2682.83, 481022, 52
187, 0, 0, 30, 29, 1, 0.08%, 2, 0, 2, 2634.19, 493998, 52
192, 0, 0, 30, 29, 1, 0.08%, 2, 0, 2, 2674.96, 507628, 52
197, 0, 0, 30, 29, 1, 0.08%, 2, 0, 2, 2586.07, 520457, 52
203, 0, 0, 30, 29, 1, 0.08%, 2, 0, 2, 2563.20, 533921, 52
208, 0, 0, 30, 29, 1, 0.08%, 2, 0, 2, 2620.66, 547402, 52
213, 0, 0, 30, 29, 1, 0.08%, 2, 0, 2, 2646.70, 560628, 52
218, 0, 0, 30, 29, 1, 0.08%, 2, 0, 2, 2624.59, 573766, 52
223, 0, 0, 30, 29, 1, 0.08%, 2, 0, 2, 2672.46, 587340, 52
228, 0, 0, 30, 29, 1, 0.08%, 2, 0, 2, 2683.84, 601014, 52
233, 0, 0, 30, 29, 1, 0.08%, 2, 0, 2, 2624.78, 614482, 52
238, 0, 0, 30, 29, 1, 0.08%, 2, 0, 2, 2664.79, 627938, 52
243, 0, 0, 30, 29, 1, 0.08%, 2, 0, 2, 2649.64, 641470, 52
248, 0, 0, 30, 29, 1, 0.08%, 2, 0, 2, 2665.14, 654862, 52
253, 0, 0, 30, 29, 1, 0.08%, 2, 0, 2, 2626.53, 668146, 52
258, 0, 0, 30, 29, 1, 0.08%, 2, 0, 2, 2596.99, 681056, 52
263, 0, 0, 30, 29, 1, 0.08%, 2, 0, 2, 2520.13, 693856, 52
269, 0, 0, 30, 29, 1, 0.08%, 2, 0, 2, 2634.00, 707562, 52
274, 0, 0, 30, 29, 1, 0.08%, 2, 0, 2, 2653.89, 720874, 52
279, 0, 0, 30, 29, 1, 0.08%, 2, 0, 2, 2673.57, 734415, 52
284, 0, 0, 30, 29, 1, 0.08%, 2, 0, 2, 2583.61, 747254, 52
289, 0, 0, 30, 29, 1, 0.08%, 2, 0, 2, 2654.23, 760544, 52
294, 0, 0, 30, 29, 1, 0.08%, 2, 0, 2, 2601.64, 773570, 52
299, 0, 0, 30, 29, 1, 0.08%, 2, 0, 2, 2631.70, 786914, 52
304, 0, 0, 30, 29, 1, 0.08%, 2, 0, 2, 2626.53, 800278, 52
309, 0, 0, 30, 29, 1, 0.08%, 2, 0, 2, 2609.09, 813382, 52
314, 0, 0, 30, 29, 1, 0.08%, 2, 0, 2, 2614.45, 826486, 52
319, 0, 0, 30, 29, 1, 0.08%, 2, 0, 2, 2563.39, 839642, 52
324, 0, 0, 30, 29, 1, 0.08%, 2, 0, 2, 2544.83, 852906, 52
329, 0, 0, 30, 29, 1, 0.08%, 2, 0, 2, 2600.02, 866390, 52
334, 0, 0, 30, 29, 1, 0.08%, 2, 0, 2, 2625.07, 879682, 52
339, 0, 0, 30, 29, 1, 0.08%, 2, 0, 2, 2600.83, 893012, 52
345, 0, 0, 30, 29, 1, 0.08%, 2, 0, 2, 2621.04, 906670, 52
350, 0, 0, 30, 29, 1, 0.08%, 2, 0, 2, 2613.21, 920034, 52
355, 0, 0, 30, 29, 1, 0.08%, 2, 0, 2, 2631.76, 933190, 52
360, 0, 0, 30, 29, 1, 0.08%, 2, 0, 2, 2665.00, 946627, 52
365, 0, 0, 30, 29, 1, 0.08%, 2, 0, 2, 2672.46, 960142, 52
370, 0, 0, 30, 29, 1, 0.08%, 2, 0, 2, 2613.89, 973282, 52
375, 0, 0, 30, 29, 1, 0.08%, 2, 0, 2, 2648.48, 986594, 52
380, 0, 0, 30, 29, 1, 0.08%, 2, 0, 2, 2675.06, 1000104, 52
385, 0, 0, 30, 29, 1, 0.08%, 2, 0, 2, 2543.42, 1012706, 52
390, 0, 0, 30, 29, 1, 0.08%, 2, 0, 2, 2624.92, 1026426, 52
395, 0, 0, 30, 29, 1, 0.08%, 2, 0, 2, 2615.22, 1039478, 52
400, 0, 0, 30, 29, 1, 0.08%, 2, 0, 2, 2674.06, 1052945, 52
405, 0, 0, 30, 29, 1, 0.08%, 2, 0, 2, 2582.85, 1066004, 52
411, 0, 0, 30, 29, 1, 0.08%, 2, 0, 2, 2636.40, 1079710, 52
416, 0, 0, 30, 29, 1, 0.08%, 2, 0, 2, 2581.68, 1092575, 52
421, 0, 0, 30, 29, 1, 0.08%, 2, 0, 2, 2651.67, 1105934, 52
426, 0, 0, 30, 29, 1, 0.08%, 2, 0, 2, 2650.02, 1119246, 52
431, 0, 0, 30, 29, 1, 0.08%, 2, 0, 2, 2617.70, 1132604, 52
436, 0, 0, 30, 29, 1, 0.08%, 2, 0, 2, 2654.51, 1145922, 52
441, 0, 0, 30, 29, 1, 0.08%, 2, 0, 2, 2557.87, 1159078, 52
446, 0, 0, 30, 29, 1, 0.08%, 2, 0, 2, 2652.89, 1172806, 52
451, 0, 0, 30, 29, 1, 0.08%, 2, 0, 2, 2646.70, 1186274, 52
456, 0, 0, 30, 29, 1, 0.08%, 2, 0, 2, 2626.04, 1199794, 52
462, 0, 0, 30, 29, 1, 0.08%, 2, 0, 2, 2637.82, 1213522, 52
467, 0, 0, 30, 29, 1, 0.08%, 2, 0, 2, 2660.93, 1226838, 52
472, 0, 0, 30, 29, 1, 0.08%, 2, 0, 2, 2619.32, 1240042, 52
477, 0, 0, 30, 29, 1, 0.08%, 2, 0, 2, 2657.72, 1253338, 52
482, 0, 0, 30, 29, 1, 0.08%, 2, 0, 2, 2644.69, 1266926, 52
487, 0, 0, 30, 29, 1, 0.08%, 2, 0, 2, 2558.38, 1279874, 52
492, 0, 0, 30, 29, 1, 0.08%, 2, 0, 2, 2642.89, 1293238, 52
497, 0, 0, 30, 29, 1, 0.08%, 2, 0, 2, 2653.46, 1306862, 52
502, 0, 0, 30, 29, 1, 0.08%, 2, 0, 2, 2549.02, 1319856, 52
507, 0, 0, 30, 29, 1, 0.08%, 2, 0, 2, 2548.85, 1333156, 52
513, 0, 0, 30, 29, 1, 0.08%, 2, 0, 2, 2656.14, 1347042, 52
518, 0, 0, 30, 29, 1, 0.08%, 2, 0, 2, 2673.26, 1360504, 52
523, 0, 0, 30, 29, 1, 0.08%, 2, 0, 2, 2692.99, 1374125, 52
528, 0, 0, 30, 29, 1, 0.08%, 2, 0, 2, 2685.51, 1387693, 52
533, 0, 0, 30, 29, 1, 0.08%, 2, 0, 2, 2676.01, 1401261, 52
538, 0, 0, 30, 29, 1, 0.08%, 2, 0, 2, 2640.89, 1414658, 52
543, 0, 0, 30, 29, 1, 0.08%, 2, 0, 2, 2541.03, 1427706, 52
548, 0, 0, 30, 29, 1, 0.08%, 2, 0, 2, 2622.39, 1441282, 52
554, 0, 0, 30, 29, 1, 0.08%, 2, 0, 2, 2572.67, 1454573, 52
559, 0, 0, 30, 29, 1, 0.08%, 2, 0, 2, 2634.20, 1468218, 52
564, 0, 0, 30, 29, 1, 0.08%, 2, 0, 2, 2552.10, 1481056, 52
569, 0, 0, 30, 29, 1, 0.08%, 2, 0, 2, 2642.26, 1494859, 52
574, 0, 0, 30, 29, 1, 0.08%, 2, 0, 2, 2651.64, 1508362, 52
579, 0, 0, 30, 29, 1, 0.08%, 2, 0, 2, 2544.46, 1521230, 52
584, 0, 0, 30, 29, 1, 0.08%, 2, 0, 2, 2586.86, 1534643, 52
589, 0, 0, 30, 29, 1, 0.08%, 2, 0, 2, 2570.00, 1547699, 52
594, 0, 0, 30, 29, 1, 0.08%, 2, 0, 2, 2647.84, 1561215, 52
599, 0, 0, 30, 29, 1, 0.08%, 2, 0, 2, 2565.16, 1574219, 52
605, 0, 0, 30, 29, 1, 0.08%, 2, 0, 2, 2660.13, 1588086, 52
610, 0, 0, 30, 29, 1, 0.08%, 2, 0, 2, 2610.74, 1600974, 52
615, 0, 0, 30, 29, 1, 0.08%, 2, 0, 2, 2636.16, 1614286, 52
620, 0, 0, 30, 29, 1, 0.08%, 2, 0, 2, 2587.21, 1627412, 52
625, 0, 0, 30, 29, 1, 0.08%, 2, 0, 2, 2583.15, 1640723, 52
630, 0, 0, 30, 29, 1, 0.08%, 2, 0, 2, 2662.38, 1654230, 52
635, 0, 0, 30, 29, 1, 0.08%, 2, 0, 2, 2589.15, 1667549, 52
640, 0, 0, 30, 29, 1, 0.08%, 2, 0, 2, 2574.34, 1680656, 52
645, 0, 0, 30, 29, 1, 0.08%, 2, 0, 2, 2557.72, 1693456, 52
650, 0, 0, 30, 29, 1, 0.08%, 2, 0, 2, 2391.47, 1704990, 52
655, 0, 0, 30, 29, 1, 0.08%, 2, 0, 2, 2491.00, 1717852, 52
660, 0, 0, 30, 29, 1, 0.08%, 2, 0, 2, 2637.47, 1731754, 52
666, 0, 0, 30, 29, 1, 0.08%, 2, 0, 2, 2636.31, 1745222, 52
671, 0, 0, 30, 29, 1, 0.08%, 2, 0, 2, 2688.77, 1758640, 52
676, 0, 0, 30, 29, 1, 0.08%, 2, 0, 2, 2582.04, 1771487, 52
681, 0, 0, 30, 29, 1, 0.08%, 2, 0, 2, 2656.07, 1785352, 52
686, 0, 0, 30, 29, 1, 0.08%, 2, 0, 2, 2650.13, 1798834, 52
691, 0, 0, 30, 29, 1, 0.08%, 2, 0, 2, 2587.80, 1812287, 52
696, 0, 0, 30, 29, 1, 0.08%, 2, 0, 2, 2672.23, 1825844, 52
701, 0, 0, 30, 29, 1, 0.08%, 2, 0, 2, 2620.94, 1839030, 52
706, 0, 0, 30, 29, 1, 0.08%, 2, 0, 2, 2678.90, 1852662, 52
711, 0, 0, 30, 29, 1, 0.08%, 2, 0, 2, 2705.47, 1866500, 52
717, 0, 0, 30, 29, 1, 0.08%, 2, 0, 2, 2681.14, 1880169, 52
722, 0, 0, 30, 29, 1, 0.08%, 2, 0, 2, 2665.71, 1893578, 52
727, 0, 0, 30, 29, 1, 0.08%, 2, 0, 2, 2716.73, 1907432, 52
732, 0, 0, 30, 29, 1, 0.08%, 2, 0, 2, 2699.82, 1921085, 52
737, 0, 0, 30, 29, 1, 0.08%, 2, 0, 2, 2711.60, 1934864, 52
742, 0, 0, 30, 29, 1, 0.08%, 2, 0, 2, 2583.53, 1947814, 52
747, 0, 0, 30, 29, 1, 0.08%, 2, 0, 2, 2641.45, 1961206, 52
752, 0, 0, 30, 29, 1, 0.08%, 2, 0, 2, 2677.89, 1974774, 52
757, 0, 0, 30, 29, 1, 0.08%, 2, 0, 2, 2632.64, 1988183, 52
762, 0, 0, 30, 29, 1, 0.08%, 2, 0, 2, 2651.53, 2001894, 52
767, 0, 0, 30, 29, 1, 0.08%, 2, 0, 2, 2628.20, 2015570, 52
772, 0, 0, 30, 29, 1, 0.08%, 2, 0, 2, 2653.37, 2029090, 52
778, 0, 0, 30, 29, 1, 0.08%, 2, 0, 2, 2636.44, 2042610, 52
783, 0, 0, 30, 29, 1, 0.08%, 2, 0, 2, 2605.03, 2055558, 52
788, 0, 0, 30, 29, 1, 0.08%, 2, 0, 2, 2613.82, 2068402, 52
793, 0, 0, 30, 29, 1, 0.08%, 2, 0, 2, 2669.04, 2081993, 52
798, 0, 0, 30, 29, 1, 0.08%, 2, 0, 2, 2604.70, 2095182, 52
803, 0, 0, 30, 29, 1, 0.08%, 2, 0, 2, 2619.24, 2108962, 52
808, 0, 0, 30, 29, 1, 0.08%, 2, 0, 2, 2678.93, 2122538, 52
813, 0, 0, 30, 29, 1, 0.08%, 2, 0, 2, 2696.69, 2136318, 52
818, 0, 0, 30, 29, 1, 0.08%, 2, 0, 2, 2701.27, 2150045, 52
823, 0, 0, 30, 29, 1, 0.08%, 2, 0, 2, 2646.32, 2163042, 52
828, 0, 0, 30, 29, 1, 0.08%, 2, 0, 2, 2658.92, 2176386, 52
833, 0, 0, 30, 29, 1, 0.08%, 2, 0, 2, 2588.07, 2189483, 52
838, 0, 0, 30, 29, 1, 0.08%, 2, 0, 2, 2685.69, 2203204, 52
843, 0, 0, 30, 29, 1, 0.08%, 2, 0, 2, 2649.34, 2216498, 52
849, 0, 0, 30, 29, 1, 0.08%, 2, 0, 2, 2711.47, 2230244, 52
854, 0, 0, 30, 29, 1, 0.08%, 2, 0, 2, 2661.09, 2243802, 52
859, 0, 0, 30, 29, 1, 0.08%, 2, 0, 2, 2654.04, 2256954, 52
864, 0, 0, 30, 29, 1, 0.08%, 2, 0, 2, 2624.73, 2270110, 52
869, 0, 0, 30, 29, 1, 0.08%, 2, 0, 2, 2678.99, 2283605, 52
874, 0, 0, 30, 29, 1, 0.08%, 2, 0, 2, 2665.08, 2296908, 52
879, 0, 0, 30, 29, 1, 0.08%, 2, 0, 2, 2608.82, 2310046, 52
884, 0, 0, 30, 29, 1, 0.08%, 2, 0, 2, 2663.20, 2323832, 52
889, 0, 0, 30, 29, 1, 0.08%, 2, 0, 2, 2675.71, 2337347, 52
894, 0, 0, 30, 29, 1, 0.08%, 2, 0, 2, 2652.98, 2350814, 52
899, 0, 0, 30, 29, 1, 0.08%, 2, 0, 2, 2626.16, 2364022, 52
904, 0, 0, 30, 29, 1, 0.08%, 2, 0, 2, 2677.04, 2377521, 52
909, 0, 0, 30, 29, 1, 0.08%, 2, 0, 2, 2653.82, 2390802, 52
914, 0, 0, 30, 29, 1, 0.08%, 2, 0, 2, 2682.64, 2404339, 52
919, 0, 0, 30, 29, 1, 0.08%, 2, 0, 2, 2631.58, 2417738, 52
924, 0, 0, 30, 29, 1, 0.08%, 2, 0, 2, 2612.14, 2430790, 52
930, 0, 0, 30, 29, 1, 0.08%, 2, 0, 2, 2657.30, 2444566, 52
935, 0, 0, 30, 29, 1, 0.08%, 2, 0, 2, 2692.31, 2458134, 52
940, 0, 0, 30, 29, 1, 0.08%, 2, 0, 2, 2605.68, 2471309, 52
945, 0, 0, 30, 29, 1, 0.08%, 2, 0, 2, 2670.19, 2484793, 52
950, 0, 0, 30, 29, 1, 0.08%, 2, 0, 2, 2628.69, 2498026, 52
955, 0, 0, 30, 29, 1, 0.08%, 2, 0, 2, 2683.79, 2511558, 52
960, 0, 0, 30, 29, 1, 0.08%, 2, 0, 2, 2691.02, 2525232, 52
965, 0, 0, 30, 29, 1, 0.08%, 2, 0, 2, 2682.55, 2538800, 52
970, 0, 0, 30, 29, 1, 0.08%, 2, 0, 2, 2699.12, 2552421, 52
975, 0, 0, 30, 29, 1, 0.08%, 2, 0, 2, 2572.65, 2565262, 52
980, 0, 0, 30, 29, 1, 0.08%, 2, 0, 2, 2631.43, 2578574, 52
985, 0, 0, 30, 29, 1, 0.08%, 2, 0, 2, 2606.22, 2591975, 52
990, 0, 0, 30, 29, 1, 0.08%, 2, 0, 2, 2628.94, 2605302, 52
995, 0, 0, 30, 29, 1, 0.08%, 2, 0, 2, 2621.05, 2618562, 52
1000, 0, 0, 30, 29, 1, 0.08%, 2, 0, 2, 2699.89, 2632345, 52
1005, 0, 0, 30, 29, 1, 0.08%, 2, 0, 2, 2627.39, 2645602, 52
1010, 0, 0, 30, 29, 1, 0.08%, 2, 0, 2, 2697.43, 2659322, 52
1016, 0, 0, 30, 29, 1, 0.08%, 2, 0, 2, 2603.11, 2672198, 52
1021, 0, 0, 30, 29, 1, 0.08%, 2, 0, 2, 2673.28, 2685769, 52
1026, 0, 0, 30, 29, 1, 0.08%, 2, 0, 2, 2647.91, 2698902, 52
1031, 0, 0, 30, 29, 1, 0.08%, 2, 0, 2, 2663.16, 2712322, 52
1036, 0, 0, 30, 29, 1, 0.08%, 2, 0, 2, 2675.10, 2725890, 52
1041, 0, 0, 30, 29, 1, 0.08%, 2, 0, 2, 2683.48, 2739680, 52
1046, 0, 0, 30, 29, 1, 0.08%, 2, 0, 2, 2663.59, 2752761, 52
1051, 0, 0, 30, 29, 1, 0.08%, 2, 0, 2, 2652.73, 2766223, 52
1056, 0, 0, 30, 29, 1, 0.08%, 2, 0, 2, 2666.21, 2779897, 52
1061, 0, 0, 30, 29, 1, 0.08%, 2, 0, 2, 2697.27, 2793626, 52
1066, 0, 0, 30, 29, 1, 0.08%, 2, 0, 2, 2652.37, 2806958, 52
1071, 0, 0, 30, 29, 1, 0.08%, 2, 0, 2, 2643.71, 2820218, 52
1076, 0, 0, 30, 29, 1, 0.08%, 2, 0, 2, 2631.71, 2833530, 52
1081, 0, 0, 30, 29, 1, 0.08%, 2, 0, 2, 2663.94, 2846995, 52
1086, 0, 0, 30, 29, 1, 0.08%, 2, 0, 2, 2658.71, 2860722, 52
1092, 0, 0, 30, 29, 1, 0.08%, 2, 0, 2, 2641.92, 2874194, 52
1097, 0, 0, 30, 29, 1, 0.08%, 2, 0, 2, 2677.12, 2888123, 52
1102, 0, 0, 30, 29, 1, 0.08%, 2, 0, 2, 2563.27, 2901137, 52
1107, 0, 0, 30, 29, 1, 0.08%, 2, 0, 2, 2631.79, 2915047, 52
1112, 0, 0, 30, 29, 1, 0.08%, 2, 0, 2, 2680.98, 2928509, 52
1117, 0, 0, 30, 29, 1, 0.08%, 2, 0, 2, 2503.87, 2940906, 52
1122, 0, 0, 30, 29, 1, 0.08%, 2, 0, 2, 2614.81, 2954586, 52
1127, 0, 0, 30, 29, 1, 0.08%, 2, 0, 2, 2590.86, 2967641, 52
1132, 0, 0, 30, 29, 1, 0.08%, 2, 0, 2, 2594.59, 2980748, 52
1138, 0, 0, 30, 29, 1, 0.08%, 2, 0, 2, 2652.37, 2994574, 52
1143, 0, 0, 30, 29, 1, 0.08%, 2, 0, 2, 2686.96, 3008168, 52
1148, 0, 0, 30, 29, 1, 0.08%, 2, 0, 2, 2627.39, 3021250, 52
1153, 0, 0, 30, 29, 1, 0.08%, 2, 0, 2, 2627.07, 3034250, 52
1158, 0, 0, 30, 29, 1, 0.08%, 2, 0, 2, 2567.16, 3046997, 52
1163, 0, 0, 30, 29, 1, 0.08%, 2, 0, 2, 2594.51, 3059951, 52
1168, 0, 0, 30, 29, 1, 0.08%, 2, 0, 2, 2663.34, 3073252, 52
1173, 0, 0, 30, 29, 1, 0.08%, 2, 0, 2, 2629.23, 3086250, 52
1178, 0, 0, 30, 29, 1, 0.08%, 2, 0, 2, 2606.15, 3099221, 52
1183, 0, 0, 30, 29, 1, 0.08%, 2, 0, 2, 2572.00, 3112562, 52
1188, 0, 0, 30, 29, 1, 0.08%, 2, 0, 2, 2666.17, 3126411, 52
1193, 0, 0, 30, 29, 1, 0.08%, 2, 0, 2, 2621.29, 3139498, 52
1198, 0, 0, 30, 29, 1, 0.08%, 2, 0, 2, 2690.64, 3153123, 52
1203, 0, 0, 30, 29, 1, 0.08%, 2, 0, 2, 2659.26, 3166850, 52
1208, 0, 0, 30, 29, 1, 0.08%, 2, 0, 2, 2648.81, 3180058, 52
1213, 0, 0, 30, 29, 1, 0.08%, 2, 0, 2, 2593.83, 3193214, 52
1218, 0, 0, 30, 29, 1, 0.08%, 2, 0, 2, 2640.56, 3206474, 52
1224, 0, 0, 30, 29, 1, 0.08%, 2, 0, 2, 2577.56, 3219479, 52
1229, 0, 0, 30, 29, 1, 0.08%, 2, 0, 2, 2671.81, 3232994, 52
1234, 0, 0, 30, 29, 1, 0.08%, 2, 0, 2, 2668.94, 3246403, 52
1239, 0, 0, 30, 29, 1, 0.08%, 2, 0, 2, 2688.81, 3260024, 52
1244, 0, 0, 30, 29, 1, 0.08%, 2, 0, 2, 2689.74, 3273698, 52
1249, 0, 0, 30, 29, 1, 0.08%, 2, 0, 2, 2680.35, 3286948, 52
1254, 0, 0, 30, 29, 1, 0.08%, 2, 0, 2, 2661.30, 3300251, 52
1259, 0, 0, 30, 29, 1, 0.08%, 2, 0, 2, 2667.74, 3313554, 52
1264, 0, 0, 30, 29, 1, 0.08%, 2, 0, 2, 2602.58, 3326681, 52
1269, 0, 0, 30, 29, 1, 0.08%, 2, 0, 2, 2632.49, 3339948, 52
1274, 0, 0, 30, 29, 1, 0.08%, 2, 0, 2, 2664.36, 3353251, 52
1279, 0, 0, 30, 29, 1, 0.08%, 2, 0, 2, 2684.83, 3366836, 52
1284, 0, 0, 30, 29, 1, 0.08%, 2, 0, 2, 2640.03, 3380310, 52
1289, 0, 0, 30, 29, 1, 0.08%, 2, 0, 2, 2653.69, 3393796, 52
1294, 0, 0, 30, 29, 1, 0.08%, 2, 0, 2, 2655.13, 3407311, 52
1299, 0, 0, 30, 29, 1, 0.08%, 2, 0, 2, 2618.95, 3420506, 52
1304, 0, 0, 30, 29, 1, 0.08%, 2, 0, 2, 2668.92, 3433917, 52
1309, 0, 0, 30, 29, 1, 0.08%, 2, 0, 2, 2550.93, 3446606, 52
1314, 0, 0, 30, 29, 1, 0.08%, 2, 0, 2, 2658.00, 3459940, 52
1319, 0, 0, 30, 29, 1, 0.08%, 2, 0, 2, 2673.43, 3473190, 52
1325, 0, 0, 30, 29, 1, 0.08%, 2, 0, 2, 2641.36, 3486442, 52
1330, 0, 0, 30, 29, 1, 0.08%, 2, 0, 2, 2614.01, 3499494, 52
1335, 0, 0, 30, 29, 1, 0.08%, 2, 0, 2, 2629.36, 3512754, 52
1340, 0, 0, 30, 29, 1, 0.08%, 2, 0, 2, 2587.80, 3525938, 52
1345, 0, 0, 30, 29, 1, 0.08%, 2, 0, 2, 2574.42, 3538739, 52
1350, 0, 0, 30, 29, 1, 0.08%, 2, 0, 2, 2602.09, 3551948, 52
1355, 0, 0, 30, 29, 1, 0.08%, 2, 0, 2, 2674.22, 3565569, 52
1360, 0, 0, 30, 29, 1, 0.08%, 2, 0, 2, 2665.04, 3578819, 52
1365, 0, 0, 30, 29, 1, 0.08%, 2, 0, 2, 2670.51, 3592387, 52
1370, 0, 0, 30, 29, 1, 0.08%, 2, 0, 2, 2614.72, 3605418, 52
1375, 0, 0, 30, 29, 1, 0.08%, 2, 0, 2, 2639.53, 3618728, 52
1380, 0, 0, 30, 29, 1, 0.08%, 2, 0, 2, 2657.01, 3632042, 52
1385, 0, 0, 30, 29, 1, 0.08%, 2, 0, 2, 2670.63, 3645493, 52
1390, 0, 0, 30, 29, 1, 0.08%, 2, 0, 2, 2593.47, 3658742, 52
1395, 0, 0, 30, 29, 1, 0.08%, 2, 0, 2, 2657.52, 3672523, 52
1400, 0, 0, 30, 29, 1, 0.08%, 2, 0, 2, 2674.45, 3685985, 52
1406, 0, 0, 30, 29, 1, 0.08%, 2, 0, 2, 2625.89, 3699330, 52
1411, 0, 0, 30, 29, 1, 0.08%, 2, 0, 2, 2649.04, 3713110, 52
1416, 0, 0, 30, 29, 1, 0.08%, 2, 0, 2, 2626.12, 3726214, 52
1421, 0, 0, 30, 29, 1, 0.08%, 2, 0, 2, 2646.28, 3740045, 52
1426, 0, 0, 30, 29, 1, 0.08%, 2, 0, 2, 2695.80, 3753613, 52
1431, 0, 0, 30, 29, 1, 0.08%, 2, 0, 2, 2685.28, 3767075, 52
1436, 0, 0, 30, 29, 1, 0.08%, 2, 0, 2, 2708.24, 3780962, 52
1441, 0, 0, 30, 29, 1, 0.08%, 2, 0, 2, 2583.12, 3793841, 52
1446, 0, 0, 30, 29, 1, 0.08%, 2, 0, 2, 2589.21, 3806970, 52
1451, 0, 0, 30, 29, 1, 0.08%, 2, 0, 2, 2549.47, 3819749, 52
1457, 0, 0, 30, 29, 1, 0.08%, 2, 0, 2, 2610.90, 3833386, 52
1462, 0, 0, 30, 29, 1, 0.08%, 2, 0, 2, 2579.40, 3846677, 52
1467, 0, 0, 30, 29, 1, 0.08%, 2, 0, 2, 2593.41, 3859580, 52
1472, 0, 0, 30, 29, 1, 0.08%, 2, 0, 2, 2585.67, 3872432, 52
1477, 0, 0, 30, 29, 1, 0.08%, 2, 0, 2, 2657.83, 3886325, 52
1482, 0, 0, 30, 29, 1, 0.08%, 2, 0, 2, 2606.31, 3899513, 52
1487, 0, 0, 30, 29, 1, 0.08%, 2, 0, 2, 2659.41, 3913037, 52
1492, 0, 0, 30, 29, 1, 0.08%, 2, 0, 2, 2652.81, 3926466, 52
1497, 0, 0, 30, 29, 1, 0.08%, 2, 0, 2, 2573.85, 3939310, 52
1502, 0, 0, 30, 29, 1, 0.08%, 2, 0, 2, 2625.76, 3952622, 52
1507, 0, 0, 30, 29, 1, 0.08%, 2, 0, 2, 2553.49, 3965570, 52
1512, 0, 0, 30, 29, 1, 0.08%, 2, 0, 2, 2612.47, 3979350, 52
1518, 0, 0, 30, 29, 1, 0.08%, 2, 0, 2, 2553.85, 3992606, 52
1523, 0, 0, 30, 29, 1, 0.08%, 2, 0, 2, 2562.08, 4005556, 52
1528, 0, 0, 30, 29, 1, 0.08%, 2, 0, 2, 2522.64, 4018496, 52
1533, 0, 0, 30, 29, 1, 0.08%, 2, 0, 2, 2629.74, 4032078, 52
1538, 0, 0, 30, 29, 1, 0.08%, 2, 0, 2, 2638.03, 4045442, 52
1543, 0, 0, 30, 29, 1, 0.08%, 2, 0, 2, 2685.47, 4058999, 52
1548, 0, 0, 30, 29, 1, 0.08%, 2, 0, 2, 2642.61, 4072430, 52
1553, 0, 0, 30, 29, 1, 0.08%, 2, 0, 2, 2547.08, 4085765, 52
1558, 0, 0, 30, 29, 1, 0.08%, 2, 0, 2, 2496.53, 4098321, 52
1563, 0, 0, 30, 29, 1, 0.08%, 2, 0, 2, 2619.17, 4111638, 52
1568, 0, 0, 30, 29, 1, 0.08%, 2, 0, 2, 2611.41, 4124794, 52
1573, 0, 0, 30, 29, 1, 0.08%, 2, 0, 2, 2537.48, 4138106, 52
1579, 0, 0, 30, 29, 1, 0.08%, 2, 0, 2, 2636.54, 4151834, 52
1584, 0, 0, 30, 29, 1, 0.08%, 2, 0, 2, 2562.39, 4164606, 52
1589, 0, 0, 30, 29, 1, 0.08%, 2, 0, 2, 2696.80, 4178779, 52
1594, 0, 0, 30, 29, 1, 0.08%, 2, 0, 2, 2622.44, 4191926, 52
1599, 0, 0, 30, 29, 1, 0.08%, 2, 0, 2, 2666.47, 4205438, 52
1604, 0, 0, 30, 29, 1, 0.08%, 2, 0, 2, 2558.38, 4218106, 52
1609, 0, 0, 30, 29, 1, 0.08%, 2, 0, 2, 2651.73, 4231550, 52
1614, 0, 0, 30, 29, 1, 0.08%, 2, 0, 2, 2654.64, 4244966, 52
1619, 0, 0, 30, 29, 1, 0.08%, 2, 0, 2, 2632.45, 4258070, 52
1624, 0, 0, 30, 29, 1, 0.08%, 2, 0, 2, 2614.62, 4271278, 52
1629, 0, 0, 30, 29, 1, 0.08%, 2, 0, 2, 2646.17, 4284726, 52
1634, 0, 0, 30, 29, 1, 0.08%, 2, 0, 2, 2572.25, 4297517, 52
1639, 0, 0, 30, 29, 1, 0.08%, 2, 0, 2, 2582.07, 4311006, 52
1644, 0, 0, 30, 29, 1, 0.08%, 2, 0, 2, 2645.12, 4324734, 52
1650, 0, 0, 30, 29, 1, 0.08%, 2, 0, 2, 2678.48, 4338362, 52
1655, 0, 0, 30, 29, 1, 0.08%, 2, 0, 2, 2683.86, 4351983, 52
1660, 0, 0, 30, 29, 1, 0.08%, 2, 0, 2, 2663.84, 4365604, 52
1665, 0, 0, 30, 29, 1, 0.08%, 2, 0, 2, 2710.73, 4379336, 52
1670, 0, 0, 30, 29, 1, 0.08%, 2, 0, 2, 2637.70, 4392802, 52
1675, 0, 0, 30, 29, 1, 0.08%, 2, 0, 2, 2652.44, 4406255, 52
1680, 0, 0, 30, 29, 1, 0.08%, 2, 0, 2, 2658.53, 4419770, 52
1685, 0, 0, 30, 29, 1, 0.08%, 2, 0, 2, 2675.51, 4433179, 52
1690, 0, 0, 30, 29, 1, 0.08%, 2, 0, 2, 2650.44, 4446570, 52
1695, 0, 0, 30, 29, 1, 0.08%, 2, 0, 2, 2618.63, 4459944, 52
1700, 0, 0, 30, 29, 1, 0.08%, 2, 0, 2, 2651.89, 4473246, 52
1705, 0, 0, 30, 29, 1, 0.08%, 2, 0, 2, 2618.64, 4486558, 52
1710, 0, 0, 30, 29, 1, 0.08%, 2, 0, 2, 2698.59, 4500330, 52
1715, 0, 0, 30, 29, 1, 0.08%, 2, 0, 2, 2605.50, 4513757, 52
1720, 0, 0, 30, 29, 1, 0.08%, 2, 0, 2, 2643.94, 4527066, 52
1725, 0, 0, 30, 29, 1, 0.08%, 2, 0, 2, 2643.68, 4540222, 52
1731, 0, 0, 30, 29, 1, 0.08%, 2, 0, 2, 2688.64, 4553966, 52
1736, 0, 0, 30, 29, 1, 0.08%, 2, 0, 2, 2655.87, 4567210, 52
1741, 0, 0, 30, 29, 1, 0.08%, 2, 0, 2, 2626.83, 4580418, 52
1746, 0, 0, 30, 29, 1, 0.08%, 2, 0, 2, 2646.57, 4593886, 52
1751, 0, 0, 30, 29, 1, 0.08%, 2, 0, 2, 2684.20, 4607496, 52
1756, 0, 0, 30, 29, 1, 0.08%, 2, 0, 2, 2586.04, 4620194, 52
1761, 0, 0, 30, 29, 1, 0.08%, 2, 0, 2, 2606.31, 4633250, 52
1766, 0, 0, 30, 29, 1, 0.08%, 2, 0, 2, 2599.58, 4646153, 52
1771, 0, 0, 30, 29, 1, 0.08%, 2, 0, 2, 2673.20, 4660125, 52
1776, 0, 0, 30, 29, 1, 0.08%, 2, 0, 2, 2684.33, 4673640, 52
1781, 0, 0, 30, 29, 1, 0.08%, 2, 0, 2, 2643.74, 4687049, 52
1786, 0, 0, 30, 29, 1, 0.08%, 2, 0, 2, 2636.28, 4700278, 52
1791, 0, 0, 30, 29, 1, 0.08%, 2, 0, 2, 2640.02, 4713602, 52
1796, 0, 0, 30, 29, 1, 0.08%, 2, 0, 2, 2652.77, 4727058, 52
1801, 0, 0, 30, 29, 1, 0.08%, 2, 0, 2, 2668.77, 4740685, 52
1806, 0, 0, 30, 29, 1, 0.08%, 2, 0, 2, 2701.43, 4754465, 52
1811, 0, 0, 30, 29, 1, 0.08%, 2, 0, 2, 2648.08, 4767774, 52
1816, 0, 0, 30, 29, 1, 0.08%, 2, 0, 2, 2603.62, 4780826, 52
1822, 0, 0, 30, 29, 1, 0.08%, 2, 0, 2, 2569.94, 4794104, 52
1827, 0, 0, 30, 29, 1, 0.08%, 2, 0, 2, 2673.78, 4808048, 52
1832, 0, 0, 30, 29, 1, 0.08%, 2, 0, 2, 2703.04, 4821812, 52
1837, 0, 0, 30, 29, 1, 0.08%, 2, 0, 2, 2712.18, 4835582, 52
1842, 0, 0, 30, 29, 1, 0.08%, 2, 0, 2, 2703.13, 4849123, 52
1847, 0, 0, 30, 29, 1, 0.08%, 2, 0, 2, 2639.94, 4862532, 52
1852, 0, 0, 30, 29, 1, 0.08%, 2, 0, 2, 2648.43, 4875882, 52
1857, 0, 0, 30, 29, 1, 0.08%, 2, 0, 2, 2637.43, 4889403, 52
1862, 0, 0, 30, 29, 1, 0.08%, 2, 0, 2, 2602.64, 4902428, 52
1867, 0, 0, 30, 29, 1, 0.08%, 2, 0, 2, 2622.25, 4915638, 52
1872, 0, 0, 30, 29, 1, 0.08%, 2, 0, 2, 2633.40, 4929026, 52
1877, 0, 0, 30, 29, 1, 0.08%, 2, 0, 2, 2519.36, 4941698, 52
1883, 0, 0, 30, 29, 1, 0.08%, 2, 0, 2, 2534.70, 4955006, 52
1888, 0, 0, 30, 29, 1, 0.08%, 2, 0, 2, 2612.63, 4968598, 52
1893, 0, 0, 30, 29, 1, 0.08%, 2, 0, 2, 2635.76, 4981806, 52
1898, 0, 0, 30, 29, 1, 0.08%, 2, 0, 2, 2647.22, 4994910, 52
1903, 0, 0, 30, 29, 1, 0.08%, 2, 0, 2, 2650.67, 5008326, 52
1908, 0, 0, 30, 29, 1, 0.08%, 2, 0, 2, 2673.94, 5021797, 52
1913, 0, 0, 30, 29, 1, 0.08%, 2, 0, 2, 2704.88, 5035544, 52
1918, 0, 0, 30, 29, 1, 0.08%, 2, 0, 2, 2625.08, 5048886, 52
1923, 0, 0, 30, 29, 1, 0.08%, 2, 0, 2, 2689.48, 5062554, 52
1928, 0, 0, 30, 29, 1, 0.08%, 2, 0, 2, 2606.40, 5075562, 52
1933, 0, 0, 30, 29, 1, 0.08%, 2, 0, 2, 2637.18, 5089054, 52
1938, 0, 0, 30, 29, 1, 0.08%, 2, 0, 2, 2666.85, 5102304, 52
1943, 0, 0, 30, 29, 1, 0.08%, 2, 0, 2, 2497.69, 5114756, 52
1948, 0, 0, 30, 29, 1, 0.08%, 2, 0, 2, 2623.49, 5128498, 52
1953, 0, 0, 30, 29, 1, 0.08%, 2, 0, 2, 2610.76, 5141550, 52
1958, 0, 0, 30, 29, 1, 0.08%, 2, 0, 2, 2666.87, 5154986, 52
1963, 0, 0, 30, 29, 1, 0.08%, 2, 0, 2, 2680.31, 5168554, 52
1968, 0, 0, 30, 29, 1, 0.08%, 2, 0, 2, 2671.74, 5181910, 52
1974, 0, 0, 30, 29, 1, 0.08%, 2, 0, 2, 2563.52, 5194811, 52
1979, 0, 0, 30, 29, 1, 0.08%, 2, 0, 2, 2645.75, 5208474, 52
1984, 0, 0, 30, 29, 1, 0.08%, 2, 0, 2, 2590.86, 5221586, 52
1989, 0, 0, 30, 29, 1, 0.08%, 2, 0, 2, 2661.17, 5234963, 52
1994, 0, 0, 30, 29, 1, 0.08%, 2, 0, 2, 2630.81, 5248150, 52
1999, 0, 0, 30, 29, 1, 0.08%, 2, 0, 2, 2689.32, 5261728, 52
2004, 0, 0, 30, 29, 1, 0.08%, 2, 0, 2, 2574.44, 5274320, 52
2009, 0, 0, 30, 29, 1, 0.08%, 2, 0, 2, 2606.35, 5288034, 52
2014, 0, 0, 30, 29, 1, 0.08%, 2, 0, 2, 2619.87, 5301450, 52
2019, 0, 0, 30, 29, 1, 0.08%, 2, 0, 2, 2585.08, 5314814, 52
2024, 0, 0, 30, 29, 1, 0.08%, 2, 0, 2, 2621.70, 5327970, 52
2029, 0, 0, 30, 29, 1, 0.08%, 2, 0, 2, 2615.62, 5341126, 52
2034, 0, 0, 30, 29, 1, 0.08%, 2, 0, 2, 2652.93, 5354594, 52
2040, 0, 0, 30, 29, 1, 0.08%, 2, 0, 2, 2652.17, 5367958, 52
2045, 0, 0, 30, 29, 1, 0.08%, 2, 0, 2, 2673.95, 5381402, 52
2050, 0, 0, 30, 29, 1, 0.08%, 2, 0, 2, 2669.07, 5394917, 52
2055, 0, 0, 30, 29, 1, 0.08%, 2, 0, 2, 2695.33, 5408697, 52
2060, 0, 0, 30, 29, 1, 0.08%, 2, 0, 2, 2652.70, 5421894, 52
2065, 0, 0, 30, 29, 1, 0.08%, 2, 0, 2, 2631.23, 5435298, 52
2070, 0, 0, 30, 29, 1, 0.08%, 2, 0, 2, 2638.09, 5448818, 52
2075, 0, 0, 30, 29, 1, 0.08%, 2, 0, 2, 2656.83, 5462121, 52
2080, 0, 0, 30, 29, 1, 0.08%, 2, 0, 2, 2667.26, 5475795, 52
2085, 0, 0, 30, 29, 1, 0.08%, 2, 0, 2, 2613.38, 5488754, 52
2090, 0, 0, 30, 29, 1, 0.08%, 2, 0, 2, 2635.52, 5502170, 52
2095, 0, 0, 30, 29, 1, 0.08%, 2, 0, 2, 2572.12, 5515118, 52
2100, 0, 0, 30, 29, 1, 0.08%, 2, 0, 2, 2634.12, 5528534, 52
2105, 0, 0, 30, 29, 1, 0.08%, 2, 0, 2, 2636.41, 5541950, 52
2111, 0, 0, 30, 29, 1, 0.08%, 2, 0, 2, 2651.15, 5555470, 52
2116, 0, 0, 30, 29, 1, 0.08%, 2, 0, 2, 2669.17, 5569022, 52
2121, 0, 0, 30, 29, 1, 0.08%, 2, 0, 2, 2617.42, 5582146, 52
2126, 0, 0, 30, 29, 1, 0.08%, 2, 0, 2, 2548.24, 5594756, 52
2131, 0, 0, 30, 29, 1, 0.08%, 2, 0, 2, 2639.77, 5608042, 52
2136, 0, 0, 30, 29, 1, 0.08%, 2, 0, 2, 2636.74, 5621458, 52
2141, 0, 0, 30, 29, 1, 0.08%, 2, 0, 2, 2673.55, 5634742, 52
2146, 0, 0, 30, 29, 1, 0.08%, 2, 0, 2, 2586.47, 5647538, 52
2151, 0, 0, 30, 29, 1, 0.08%, 2, 0, 2, 2616.59, 5660562, 52
2156, 0, 0, 30, 29, 1, 0.08%, 2, 0, 2, 2544.09, 5673106, 52
2161, 0, 0, 30, 29, 1, 0.08%, 2, 0, 2, 2641.81, 5686822, 52
2166, 0, 0, 30, 29, 1, 0.08%, 2, 0, 2, 2674.94, 5700250, 52
2171, 0, 0, 30, 29, 1, 0.08%, 2, 0, 2, 2624.96, 5713447, 52
2176, 0, 0, 30, 29, 1, 0.08%, 2, 0, 2, 2665.69, 5726750, 52
2181, 0, 0, 30, 29, 1, 0.08%, 2, 0, 2, 2577.47, 5739797, 52
2186, 0, 0, 30, 29, 1, 0.08%, 2, 0, 2, 2578.19, 5752700, 52
2191, 0, 0, 30, 29, 1, 0.08%, 2, 0, 2, 2578.55, 5765706, 52
2196, 0, 0, 30, 29, 1, 0.08%, 2, 0, 2, 2665.56, 5779273, 52
2201, 0, 0, 30, 29, 1, 0.08%, 2, 0, 2, 2649.14, 5792841, 52
2206, 0, 0, 30, 29, 1, 0.08%, 2, 0, 2, 2618.74, 5806006, 52
2211, 0, 0, 30, 29, 1, 0.08%, 2, 0, 2, 2650.44, 5819370, 52
2217, 0, 0, 30, 29, 1, 0.08%, 2, 0, 2, 2705.16, 5833178, 52
2222, 0, 0, 30, 29, 1, 0.08%, 2, 0, 2, 2600.55, 5846306, 52
2227, 0, 0, 30, 29, 1, 0.08%, 2, 0, 2, 2683.47, 5859939, 52
2232, 0, 0, 30, 29, 1, 0.08%, 2, 0, 2, 2680.85, 5873560, 52
2237, 0, 0, 30, 29, 1, 0.08%, 2, 0, 2, 2692.11, 5887234, 52
2242, 0, 0, 30, 29, 1, 0.08%, 2, 0, 2, 2559.16, 5899806, 52
2247, 0, 0, 30, 29, 1, 0.08%, 2, 0, 2, 2646.12, 5913126, 52
2252, 0, 0, 30, 29, 1, 0.08%, 2, 0, 2, 2653.64, 5926386, 52
2257, 0, 0, 30, 29, 1, 0.08%, 2, 0, 2, 2684.33, 5939916, 52
2262, 0, 0, 30, 29, 1, 0.08%, 2, 0, 2, 2678.16, 5953537, 52
2267, 0, 0, 30, 29, 1, 0.08%, 2, 0, 2, 2686.72, 5967211, 52
2272, 0, 0, 30, 29, 1, 0.08%, 2, 0, 2, 2689.51, 5980620, 52
2277, 0, 0, 30, 29, 1, 0.08%, 2, 0, 2, 2662.54, 5994082, 52
2282, 0, 0, 30, 29, 1, 0.08%, 2, 0, 2, 2695.67, 6007650, 52
2287, 0, 0, 30, 29, 1, 0.08%, 2, 0, 2, 2603.99, 6020953, 52
2292, 0, 0, 30, 29, 1, 0.08%, 2, 0, 2, 2667.13, 6034574, 52
2297, 0, 0, 30, 29, 1, 0.08%, 2, 0, 2, 2690.56, 6048248, 52
2303, 0, 0, 30, 29, 1, 0.08%, 2, 0, 2, 2614.89, 6061638, 52
2308, 0, 0, 30, 29, 1, 0.08%, 2, 0, 2, 2630.40, 6075002, 52
2313, 0, 0, 30, 29, 1, 0.08%, 2, 0, 2, 2627.19, 6088262, 52
2318, 0, 0, 30, 29, 1, 0.08%, 2, 0, 2, 2595.56, 6101540, 52
2323, 0, 0, 30, 29, 1, 0.08%, 2, 0, 2, 2683.34, 6115240, 52
2328, 0, 0, 30, 29, 1, 0.08%, 2, 0, 2, 2654.39, 6128596, 52
2333, 0, 0, 30, 29, 1, 0.08%, 2, 0, 2, 2697.64, 6142482, 52
2338, 0, 0, 30, 29, 1, 0.08%, 2, 0, 2, 2649.16, 6155706, 52
2343, 0, 0, 30, 29, 1, 0.08%, 2, 0, 2, 2652.49, 6168966, 52
2348, 0, 0, 30, 29, 1, 0.08%, 2, 0, 2, 2684.64, 6182603, 52
2353, 0, 0, 30, 29, 1, 0.08%, 2, 0, 2, 2652.83, 6195800, 52
2358, 0, 0, 30, 29, 1, 0.08%, 2, 0, 2, 2691.61, 6209368, 52
2363, 0, 0, 30, 29, 1, 0.08%, 2, 0, 2, 2592.58, 6222422, 52
2368, 0, 0, 30, 29, 1, 0.08%, 2, 0, 2, 2575.88, 6235415, 52
2373, 0, 0, 30, 29, 1, 0.08%, 2, 0, 2, 2647.75, 6248747, 52
2378, 0, 0, 30, 29, 1, 0.08%, 2, 0, 2, 2650.45, 6262098, 52
2383, 0, 0, 30, 29, 1, 0.08%, 2, 0, 2, 2603.41, 6275098, 52
2388, 0, 0, 30, 29, 1, 0.08%, 2, 0, 2, 2666.01, 6288762, 52
2393, 0, 0, 30, 29, 1, 0.08%, 2, 0, 2, 2630.66, 6302224, 52
2398, 0, 0, 30, 29, 1, 0.08%, 2, 0, 2, 2690.34, 6316004, 52
2404, 0, 0, 30, 29, 1, 0.08%, 2, 0, 2, 2617.43, 6329334, 52
2409, 0, 0, 30, 29, 1, 0.08%, 2, 0, 2, 2699.06, 6343034, 52
2414, 0, 0, 30, 29, 1, 0.08%, 2, 0, 2, 2646.93, 6356530, 52
2419, 0, 0, 30, 29, 1, 0.08%, 2, 0, 2, 2706.14, 6370262, 52
2424, 0, 0, 30, 29, 1, 0.08%, 2, 0, 2, 2603.32, 6383111, 52
2429, 0, 0, 30, 29, 1, 0.08%, 2, 0, 2, 2643.49, 6396466, 52
2434, 0, 0, 30, 29, 1, 0.08%, 2, 0, 2, 2591.03, 6409631, 52
2439, 0, 0, 30, 29, 1, 0.08%, 2, 0, 2, 2632.49, 6423038, 52
2444, 0, 0, 30, 29, 1, 0.08%, 2, 0, 2, 2625.20, 6436454, 52
2449, 0, 0, 30, 29, 1, 0.08%, 2, 0, 2, 2643.32, 6449870, 52
2454, 0, 0, 30, 29, 1, 0.08%, 2, 0, 2, 2556.87, 6462656, 52
2459, 0, 0, 30, 29, 1, 0.08%, 2, 0, 2, 2655.78, 6476117, 52
2464, 0, 0, 30, 29, 1, 0.08%, 2, 0, 2, 2684.32, 6489685, 52
2469, 0, 0, 30, 29, 1, 0.08%, 2, 0, 2, 2680.70, 6503372, 52
2474, 0, 0, 30, 29, 1, 0.08%, 2, 0, 2, 2583.24, 6516272, 52
2479, 0, 0, 30, 29, 1, 0.08%, 2, 0, 2, 2641.84, 6529647, 52
2485, 0, 0, 30, 29, 1, 0.08%, 2, 0, 2, 2627.70, 6543106, 52
2490, 0, 0, 30, 29, 1, 0.08%, 2, 0, 2, 2595.58, 6556001, 52
2495, 0, 0, 30, 29, 1, 0.08%, 2, 0, 2, 2643.23, 6569262, 52
2500, 0, 0, 30, 29, 1, 0.08%, 2, 0, 2, 2605.04, 6582470, 52
2505, 0, 0, 30, 29, 1, 0.08%, 2, 0, 2, 2684.14, 6596109, 52
2510, 0, 0, 30, 29, 1, 0.08%, 2, 0, 2, 2636.44, 6609458, 52
2515, 0, 0, 30, 29, 1, 0.08%, 2, 0, 2, 2692.39, 6623086, 52
2520, 0, 0, 30, 29, 1, 0.08%, 2, 0, 2, 2679.57, 6636654, 52
2525, 0, 0, 30, 29, 1, 0.08%, 2, 0, 2, 2625.99, 6649758, 52
2530, 0, 0, 30, 29, 1, 0.08%, 2, 0, 2, 2591.51, 6662846, 52
2535, 0, 0, 30, 29, 1, 0.08%, 2, 0, 2, 2655.48, 6676330, 52
2540, 0, 0, 30, 29, 1, 0.08%, 2, 0, 2, 2612.03, 6689330, 52
2545, 0, 0, 30, 29, 1, 0.08%, 2, 0, 2, 2659.82, 6702586, 52
2550, 0, 0, 30, 29, 1, 0.08%, 2, 0, 2, 2610.22, 6715798, 52
2555, 0, 0, 30, 29, 1, 0.08%, 2, 0, 2, 2664.64, 6729298, 52
2560, 0, 0, 30, 29, 1, 0.08%, 2, 0, 2, 2679.82, 6742919, 52
2565, 0, 0, 30, 29, 1, 0.08%, 2, 0, 2, 2664.83, 6756540, 52
2570, 0, 0, 30, 29, 1, 0.08%, 2, 0, 2, 2706.15, 6770294, 52
2575, 0, 0, 30, 29, 1, 0.08%, 2, 0, 2, 2682.10, 6783888, 52
2581, 0, 0, 30, 29, 1, 0.08%, 2, 0, 2, 2677.84, 6797509, 52
2586, 0, 0, 30, 29, 1, 0.08%, 2, 0, 2, 2693.99, 6811024, 52
2591, 0, 0, 30, 29, 1, 0.08%, 2, 0, 2, 2670.35, 6824592, 52
2596, 0, 0, 30, 29, 1, 0.08%, 2, 0, 2, 2600.27, 6837827, 52
2601, 0, 0, 30, 29, 1, 0.08%, 2, 0, 2, 2667.65, 6851410, 52
2606, 0, 0, 30, 29, 1, 0.08%, 2, 0, 2, 2659.83, 6864660, 52
2611, 0, 0, 30, 29, 1, 0.08%, 2, 0, 2, 2677.60, 6878175, 52
2616, 0, 0, 30, 29, 1, 0.08%, 2, 0, 2, 2580.08, 6890816, 52
2621, 0, 0, 30, 29, 1, 0.08%, 2, 0, 2, 2624.85, 6904350, 52
2626, 0, 0, 30, 29, 1, 0.08%, 2, 0, 2, 2636.90, 6917454, 52
2631, 0, 0, 30, 29, 1, 0.08%, 2, 0, 2, 2683.82, 6930963, 52
2636, 0, 0, 30, 29, 1, 0.08%, 2, 0, 2, 2662.62, 6944160, 52
2641, 0, 0, 30, 29, 1, 0.08%, 2, 0, 2, 2646.13, 6957622, 52
2646, 0, 0, 30, 29, 1, 0.08%, 2, 0, 2, 2687.26, 6971190, 52
2651, 0, 0, 30, 29, 1, 0.08%, 2, 0, 2, 2576.79, 6984066, 52
2657, 0, 0, 30, 29, 1, 0.08%, 2, 0, 2, 2609.30, 6997794, 52
2662, 0, 0, 30, 29, 1, 0.08%, 2, 0, 2, 2556.97, 7010921, 52
2667, 0, 0, 30, 29, 1, 0.08%, 2, 0, 2, 2625.10, 7024054, 52
2672, 0, 0, 30, 29, 1, 0.08%, 2, 0, 2, 2648.37, 7037418, 52
2677, 0, 0, 30, 29, 1, 0.08%, 2, 0, 2, 2691.59, 7050955, 52
2682, 0, 0, 30, 29, 1, 0.08%, 2, 0, 2, 2624.19, 7063886, 52
2687, 0, 0, 30, 29, 1, 0.08%, 2, 0, 2, 2707.05, 7077662, 52
2692, 0, 0, 30, 29, 1, 0.08%, 2, 0, 2, 2644.49, 7090770, 52
2697, 0, 0, 30, 29, 1, 0.08%, 2, 0, 2, 2718.08, 7104662, 52
2702, 0, 0, 30, 29, 1, 0.08%, 2, 0, 2, 2668.67, 7118212, 52
2707, 0, 0, 30, 29, 1, 0.08%, 2, 0, 2, 2719.31, 7131986, 52
2712, 0, 0, 30, 29, 1, 0.08%, 2, 0, 2, 2663.20, 7145295, 52
2717, 0, 0, 30, 29, 1, 0.08%, 2, 0, 2, 2712.71, 7159148, 52
2722, 0, 0, 30, 29, 1, 0.08%, 2, 0, 2, 2621.16, 7172150, 52
2727, 0, 0, 30, 29, 1, 0.08%, 2, 0, 2, 2580.52, 7185202, 52
2732, 0, 0, 30, 29, 1, 0.08%, 2, 0, 2, 2665.05, 7199090, 52
2737, 0, 0, 30, 29, 1, 0.08%, 2, 0, 2, 2651.85, 7212340, 52
2743, 0, 0, 30, 29, 1, 0.08%, 2, 0, 2, 2688.82, 7226014, 52
2748, 0, 0, 30, 29, 1, 0.08%, 2, 0, 2, 2678.77, 7239582, 52
2753, 0, 0, 30, 29, 1, 0.08%, 2, 0, 2, 2682.78, 7253150, 52
2758, 0, 0, 30, 29, 1, 0.08%, 2, 0, 2, 2625.83, 7266270, 52
2763, 0, 0, 30, 29, 1, 0.08%, 2, 0, 2, 2612.87, 7279270, 52
2768, 0, 0, 30, 29, 1, 0.08%, 2, 0, 2, 2599.93, 7292288, 52
2773, 0, 0, 30, 29, 1, 0.08%, 2, 0, 2, 2670.51, 7305832, 52
2778, 0, 0, 30, 29, 1, 0.08%, 2, 0, 2, 2587.08, 7319114, 52
2783, 0, 0, 30, 29, 1, 0.08%, 2, 0, 2, 2592.07, 7332017, 52
2788, 0, 0, 30, 29, 1, 0.08%, 2, 0, 2, 2641.36, 7345778, 52
2793, 0, 0, 30, 29, 1, 0.08%, 2, 0, 2, 2587.06, 7358570, 52
2798, 0, 0, 30, 29, 1, 0.08%, 2, 0, 2, 2219.29, 7370030, 52
2803, 0, 0, 30, 29, 1, 0.08%, 2, 0, 2, 1722.56, 7378002, 52
2809, 0, 0, 30, 29, 1, 0.08%, 2, 0, 2, 2464.49, 7391822, 52
2814, 0, 0, 30, 29, 1, 0.08%, 2, 0, 2, 2536.68, 7405306, 52
2819, 0, 0, 30, 29, 1, 0.08%, 2, 0, 2, 2597.64, 7418768, 52
2824, 0, 0, 30, 29, 1, 0.08%, 2, 0, 2, 2598.87, 7432079, 52
2829, 0, 0, 30, 29, 1, 0.08%, 2, 0, 2, 2662.76, 7445540, 52
2834, 0, 0, 30, 29, 1, 0.08%, 2, 0, 2, 2646.07, 7458774, 52
2839, 0, 0, 30, 29, 1, 0.08%, 2, 0, 2, 2645.50, 7472358, 52
2844, 0, 0, 30, 29, 1, 0.08%, 2, 0, 2, 2555.06, 7485156, 52
2849, 0, 0, 30, 29, 1, 0.08%, 2, 0, 2, 2603.84, 7498487, 52
2854, 0, 0, 30, 29, 1, 0.08%, 2, 0, 2, 2578.66, 7511537, 52
2859, 0, 0, 30, 29, 1, 0.08%, 2, 0, 2, 2569.53, 7524554, 52
2864, 0, 0, 30, 29, 1, 0.08%, 2, 0, 2, 2626.07, 7537866, 52
2870, 0, 0, 30, 29, 1, 0.08%, 2, 0, 2, 2595.18, 7551178, 52
2875, 0, 0, 30, 29, 1, 0.08%, 2, 0, 2, 2641.09, 7564802, 52
2880, 0, 0, 30, 29, 1, 0.08%, 2, 0, 2, 2604.39, 7578143, 52
2885, 0, 0, 30, 29, 1, 0.08%, 2, 0, 2, 2663.59, 7591661, 52
2890, 0, 0, 30, 29, 1, 0.08%, 2, 0, 2, 2646.25, 7605362, 52
2895, 0, 0, 30, 29, 1, 0.08%, 2, 0, 2, 2670.32, 7618797, 52
2900, 0, 0, 30, 29, 1, 0.08%, 2, 0, 2, 2643.92, 7631830, 52
2905, 0, 0, 30, 29, 1, 0.08%, 2, 0, 2, 2514.81, 7644494, 52
2910, 0, 0, 30, 29, 1, 0.08%, 2, 0, 2, 2573.52, 7657397, 52
2915, 0, 0, 30, 29, 1, 0.08%, 2, 0, 2, 2619.09, 7670622, 52
2920, 0, 0, 30, 29, 1, 0.08%, 2, 0, 2, 2505.77, 7683357, 52
2926, 0, 0, 30, 29, 1, 0.08%, 2, 0, 2, 2604.53, 7697075, 52
2931, 0, 0, 30, 29, 1, 0.08%, 2, 0, 2, 2667.12, 7710646, 52
2936, 0, 0, 30, 29, 1, 0.08%, 2, 0, 2, 2650.10, 7723974, 52
2941, 0, 0, 30, 29, 1, 0.08%, 2, 0, 2, 2593.78, 7736957, 52
2946, 0, 0, 30, 29, 1, 0.08%, 2, 0, 2, 2586.25, 7750064, 52
2951, 0, 0, 30, 29, 1, 0.08%, 2, 0, 2, 2587.85, 7763018, 52
2956, 0, 0, 30, 29, 1, 0.08%, 2, 0, 2, 2563.73, 7775756, 52
2961, 0, 0, 30, 29, 1, 0.08%, 2, 0, 2, 2639.94, 7789139, 52
2966, 0, 0, 30, 29, 1, 0.08%, 2, 0, 2, 2579.43, 7802135, 52
2971, 0, 0, 30, 29, 1, 0.08%, 2, 0, 2, 2627.83, 7815390, 52
2976, 0, 0, 30, 29, 1, 0.08%, 2, 0, 2, 2527.35, 7828006, 52
2981, 0, 0, 30, 29, 1, 0.08%, 2, 0, 2, 2600.41, 7841048, 52
2986, 0, 0, 30, 29, 1, 0.08%, 2, 0, 2, 2619.07, 7854182, 52
2991, 0, 0, 30, 29, 1, 0.08%, 2, 0, 2, 2630.99, 7867598, 52
2996, 0, 0, 30, 29, 1, 0.08%, 2, 0, 2, 2530.49, 7880156, 52
3001, 0, 0, 30, 29, 1, 0.08%, 2, 0, 2, 2622.74, 7893390, 52
3006, 0, 0, 30, 29, 1, 0.08%, 2, 0, 2, 2631.95, 7906702, 52
3011, 0, 0, 30, 29, 1, 0.08%, 2, 0, 2, 2671.96, 7920208, 52
3016, 0, 0, 30, 29, 1, 0.08%, 2, 0, 2, 2652.52, 7933378, 52
3021, 0, 0, 30, 29, 1, 0.08%, 2, 0, 2, 2626.59, 7946920, 52
3026, 0, 0, 30, 29, 1, 0.08%, 2, 0, 2, 2615.47, 7960054, 52
3031, 0, 0, 30, 29, 1, 0.08%, 2, 0, 2, 2561.17, 7973106, 52
3037, 0, 0, 30, 29, 1, 0.08%, 2, 0, 2, 2660.84, 7986617, 52
3042, 0, 0, 30, 29, 1, 0.08%, 2, 0, 2, 2587.78, 7999709, 52
3047, 0, 0, 30, 29, 1, 0.08%, 2, 0, 2, 2585.63, 8012714, 52
3052, 0, 0, 30, 29, 1, 0.08%, 2, 0, 2, 2617.20, 8025886, 52
3057, 0, 0, 30, 29, 1, 0.08%, 2, 0, 2, 2588.53, 8038979, 52
3062, 0, 0, 30, 29, 1, 0.08%, 2, 0, 2, 2596.90, 8051933, 52
3067, 0, 0, 30, 29, 1, 0.08%, 2, 0, 2, 2633.37, 8065406, 52
3072, 0, 0, 30, 29, 1, 0.08%, 2, 0, 2, 2664.62, 8078996, 52
3077, 0, 0, 30, 29, 1, 0.08%, 2, 0, 2, 2654.74, 8092458, 52
3082, 0, 0, 30, 29, 1, 0.08%, 2, 0, 2, 2589.02, 8105636, 52
3087, 0, 0, 30, 29, 1, 0.08%, 2, 0, 2, 2594.02, 8118539, 52
3092, 0, 0, 30, 29, 1, 0.08%, 2, 0, 2, 2562.42, 8131506, 52
3097, 0, 0, 30, 29, 1, 0.08%, 2, 0, 2, 2620.93, 8144862, 52
3102, 0, 0, 30, 29, 1, 0.08%, 2, 0, 2, 2657.26, 8158178, 52
3107, 0, 0, 30, 29, 1, 0.08%, 2, 0, 2, 2629.65, 8171174, 52
3113, 0, 0, 30, 29, 1, 0.08%, 2, 0, 2, 2588.34, 8184584, 52
3118, 0, 0, 30, 29, 1, 0.08%, 2, 0, 2, 2590.21, 8197946, 52
3123, 0, 0, 30, 29, 1, 0.08%, 2, 0, 2, 2648.07, 8211318, 52
3128, 0, 0, 30, 29, 1, 0.08%, 2, 0, 2, 2652.78, 8224693, 52
3133, 0, 0, 30, 29, 1, 0.08%, 2, 0, 2, 2641.45, 8237890, 52
3138, 0, 0, 30, 29, 1, 0.08%, 2, 0, 2, 2631.45, 8250942, 52
3143, 0, 0, 30, 29, 1, 0.08%, 2, 0, 2, 2607.01, 8263994, 52
3148, 0, 0, 30, 29, 1, 0.08%, 2, 0, 2, 2617.93, 8277618, 52
3153, 0, 0, 30, 29, 1, 0.08%, 2, 0, 2, 2626.97, 8290826, 52
3158, 0, 0, 30, 29, 1, 0.08%, 2, 0, 2, 2546.37, 8303656, 52
3163, 0, 0, 30, 29, 1, 0.08%, 2, 0, 2, 2645.25, 8317034, 52
3168, 0, 0, 30, 29, 1, 0.08%, 2, 0, 2, 2588.25, 8329934, 52
3173, 0, 0, 30, 29, 1, 0.08%, 2, 0, 2, 2638.44, 8343307, 52
3178, 0, 0, 30, 29, 1, 0.08%, 2, 0, 2, 2568.00, 8356403, 52
3183, 0, 0, 30, 29, 1, 0.08%, 2, 0, 2, 2639.63, 8369701, 52
3188, 0, 0, 30, 29, 1, 0.08%, 2, 0, 2, 2616.27, 8382970, 52
3194, 0, 0, 30, 29, 1, 0.08%, 2, 0, 2, 2622.06, 8396282, 52
3199, 0, 0, 30, 29, 1, 0.08%, 2, 0, 2, 2651.30, 8409646, 52
3204, 0, 0, 30, 29, 1, 0.08%, 2, 0, 2, 2579.50, 8422646, 52
3209, 0, 0, 30, 29, 1, 0.08%, 2, 0, 2, 2642.16, 8436010, 52
3214, 0, 0, 30, 29, 1, 0.08%, 2, 0, 2, 2544.66, 8449121, 52
3219, 0, 0, 30, 29, 1, 0.08%, 2, 0, 2, 2658.42, 8462610, 52
3224, 0, 0, 30, 29, 1, 0.08%, 2, 0, 2, 2571.23, 8475590, 52
3229, 0, 0, 30, 29, 1, 0.08%, 2, 0, 2, 2626.47, 8488894, 52
3234, 0, 0, 30, 29, 1, 0.08%, 2, 0, 2, 2625.26, 8502102, 52
3239, 0, 0, 30, 29, 1, 0.08%, 2, 0, 2, 2607.29, 8515310, 52
3244, 0, 0, 30, 29, 1, 0.08%, 2, 0, 2, 2538.43, 8528006, 52
3249, 0, 0, 30, 29, 1, 0.08%, 2, 0, 2, 2547.22, 8541406, 52
3254, 0, 0, 30, 29, 1, 0.08%, 2, 0, 2, 2576.13, 8554232, 52
3259, 0, 0, 30, 29, 1, 0.08%, 2, 0, 2, 2680.31, 8567762, 52
3264, 0, 0, 30, 29, 1, 0.08%, 2, 0, 2, 2597.56, 8581160, 52
3269, 0, 0, 30, 29, 1, 0.08%, 2, 0, 2, 2603.59, 8594315, 52
3274, 0, 0, 30, 29, 1, 0.08%, 2, 0, 2, 2619.17, 8607298, 52
3279, 0, 0, 30, 29, 1, 0.08%, 2, 0, 2, 2633.40, 8620558, 52
3284, 0, 0, 30, 29, 1, 0.08%, 2, 0, 2, 2601.95, 8633384, 52
3289, 0, 0, 30, 29, 1, 0.08%, 2, 0, 2, 2577.12, 8646506, 52
3295, 0, 0, 30, 29, 1, 0.08%, 2, 0, 2, 2626.02, 8660182, 52
3300, 0, 0, 30, 29, 1, 0.08%, 2, 0, 2, 2645.88, 8673858, 52
3305, 0, 0, 30, 29, 1, 0.08%, 2, 0, 2, 2682.19, 8687330, 52
3310, 0, 0, 30, 29, 1, 0.08%, 2, 0, 2, 2639.36, 8700638, 52
3315, 0, 0, 30, 29, 1, 0.08%, 2, 0, 2, 2622.11, 8714054, 52
3320, 0, 0, 30, 29, 1, 0.08%, 2, 0, 2, 2650.81, 8727158, 52
3325, 0, 0, 30, 29, 1, 0.08%, 2, 0, 2, 2578.26, 8739770, 52
3330, 0, 0, 30, 29, 1, 0.08%, 2, 0, 2, 2649.99, 8753366, 52
3335, 0, 0, 30, 29, 1, 0.08%, 2, 0, 2, 2640.45, 8766574, 52
3340, 0, 0, 30, 29, 1, 0.08%, 2, 0, 2, 2679.18, 8780080, 52
3345, 0, 0, 30, 29, 1, 0.08%, 2, 0, 2, 2620.71, 8793198, 52
3350, 0, 0, 30, 29, 1, 0.08%, 2, 0, 2, 2656.40, 8806686, 52
3355, 0, 0, 30, 29, 1, 0.08%, 2, 0, 2, 2633.24, 8819822, 52
3361, 0, 0, 30, 29, 1, 0.08%, 2, 0, 2, 2638.29, 8833550, 52
3366, 0, 0, 30, 29, 1, 0.08%, 2, 0, 2, 2649.13, 8846862, 52
3371, 0, 0, 30, 29, 1, 0.08%, 2, 0, 2, 2688.74, 8860534, 52
3376, 0, 0, 30, 29, 1, 0.08%, 2, 0, 2, 2650.06, 8873902, 52
3381, 0, 0, 30, 29, 1, 0.08%, 2, 0, 2, 2635.79, 8887140, 52
3386, 0, 0, 30, 29, 1, 0.08%, 2, 0, 2, 2576.00, 8900012, 52
3391, 0, 0, 30, 29, 1, 0.08%, 2, 0, 2, 2672.10, 8913534, 52
3396, 0, 0, 30, 29, 1, 0.08%, 2, 0, 2, 2608.94, 8926532, 52
3401, 0, 0, 30, 29, 1, 0.08%, 2, 0, 2, 2581.76, 8939486, 52
3406, 0, 0, 30, 29, 1, 0.08%, 2, 0, 2, 2562.40, 8952593, 52
3411, 0, 0, 30, 29, 1, 0.08%, 2, 0, 2, 2508.58, 8964956, 52
3416, 0, 0, 30, 29, 1, 0.08%, 2, 0, 2, 2640.59, 8978682, 52
3421, 0, 0, 30, 29, 1, 0.08%, 2, 0, 2, 2639.37, 8992186, 52
3427, 0, 0, 30, 29, 1, 0.08%, 2, 0, 2, 2664.43, 9005595, 52
3432, 0, 0, 30, 29, 1, 0.08%, 2, 0, 2, 2645.74, 9018951, 52
3437, 0, 0, 30, 29, 1, 0.08%, 2, 0, 2, 2657.32, 9032519, 52
3442, 0, 0, 30, 29, 1, 0.08%, 2, 0, 2, 2531.30, 9045413, 52
3447, 0, 0, 30, 29, 1, 0.08%, 2, 0, 2, 2685.39, 9059390, 52
3452, 0, 0, 30, 29, 1, 0.08%, 2, 0, 2, 2657.10, 9072587, 52
3457, 0, 0, 30, 29, 1, 0.08%, 2, 0, 2, 2712.61, 9086300, 52
3462, 0, 0, 30, 29, 1, 0.08%, 2, 0, 2, 2679.06, 9100041, 52
3467, 0, 0, 30, 29, 1, 0.08%, 2, 0, 2, 2702.42, 9113715, 52
3472, 0, 0, 30, 29, 1, 0.08%, 2, 0, 2, 2664.18, 9127124, 52
3477, 0, 0, 30, 29, 1, 0.08%, 2, 0, 2, 2719.97, 9141056, 52
3482, 0, 0, 30, 29, 1, 0.08%, 2, 0, 2, 2690.56, 9154737, 52
3487, 0, 0, 30, 29, 1, 0.08%, 2, 0, 2, 2627.20, 9168093, 52
3492, 0, 0, 30, 29, 1, 0.08%, 2, 0, 2, 2636.76, 9181482, 52
3498, 0, 0, 30, 29, 1, 0.08%, 2, 0, 2, 2599.66, 9194964, 52
3503, 0, 0, 30, 29, 1, 0.08%, 2, 0, 2, 2603.20, 9208358, 52
3508, 0, 0, 30, 29, 1, 0.08%, 2, 0, 2, 2655.39, 9221730, 52
3513, 0, 0, 30, 29, 1, 0.08%, 2, 0, 2, 2653.55, 9235250, 52
3518, 0, 0, 30, 29, 1, 0.08%, 2, 0, 2, 2544.53, 9247906, 52
3523, 0, 0, 30, 29, 1, 0.08%, 2, 0, 2, 2611.20, 9261458, 52
3528, 0, 0, 30, 29, 1, 0.08%, 2, 0, 2, 2613.23, 9274874, 52
3533, 0, 0, 30, 29, 1, 0.08%, 2, 0, 2, 2612.87, 9287926, 52
3538, 0, 0, 30, 29, 1, 0.08%, 2, 0, 2, 2550.41, 9301006, 52
3544, 0, 0, 30, 29, 1, 0.08%, 2, 0, 2, 2619.87, 9314797, 52
3549, 0, 0, 30, 29, 1, 0.08%, 2, 0, 2, 2608.63, 9328106, 52
3554, 0, 0, 30, 29, 1, 0.08%, 2, 0, 2, 2636.07, 9341694, 52
3559, 0, 0, 30, 29, 1, 0.08%, 2, 0, 2, 2648.73, 9355058, 52
3564, 0, 0, 30, 29, 1, 0.08%, 2, 0, 2, 2529.12, 9367556, 52
3569, 0, 0, 30, 29, 1, 0.08%, 2, 0, 2, 2621.01, 9381162, 52
3574, 0, 0, 30, 29, 1, 0.08%, 2, 0, 2, 2642.69, 9394370, 52
3579, 0, 0, 30, 29, 1, 0.08%, 2, 0, 2, 2656.63, 9407838, 52
3584, 0, 0, 30, 29, 1, 0.08%, 2, 0, 2, 2697.03, 9421539, 52
3589, 0, 0, 30, 29, 1, 0.08%, 2, 0, 2, 2625.19, 9434895, 52
3594, 0, 0, 30, 29, 1, 0.08%, 2, 0, 2, 2660.32, 9448145, 52
3600, 0, 0, 30, 29, 1, 0.08%, 2, 0, 2, 2676.38, 9461713, 52
3605, 0, 0, 30, 29, 1, 0.08%, 2, 0, 2, 2680.57, 9475387, 52
3610, 0, 0, 30, 29, 1, 0.08%, 2, 0, 2, 2652.71, 9488637, 52
3615, 0, 0, 30, 29, 1, 0.08%, 2, 0, 2, 2651.25, 9501958, 52
3620, 0, 0, 30, 29, 1, 0.08%, 2, 0, 2, 2593.30, 9515322, 52
3625, 0, 0, 30, 29, 1, 0.08%, 2, 0, 2, 2667.83, 9528652, 52
3630, 0, 0, 30, 29, 1, 0.08%, 2, 0, 2, 2640.07, 9541738, 52
3635, 0, 0, 30, 29, 1, 0.08%, 2, 0, 2, 2679.31, 9555152, 52
3640, 0, 0, 30, 29, 1, 0.08%, 2, 0, 2, 2677.42, 9568561, 52
3645, 0, 0, 30, 29, 1, 0.08%, 2, 0, 2, 2690.16, 9582129, 52
3650, 0, 0, 30, 29, 1, 0.08%, 2, 0, 2, 2590.77, 9595040, 52
3655, 0, 0, 30, 29, 1, 0.08%, 2, 0, 2, 2668.08, 9608576, 52
3660, 0, 0, 30, 29, 1, 0.08%, 2, 0, 2, 2687.97, 9622250, 52
3665, 0, 0, 30, 29, 1, 0.08%, 2, 0, 2, 2727.91, 9636128, 52
3670, 0, 0, 30, 29, 1, 0.08%, 2, 0, 2, 2626.00, 9649534, 52
3675, 0, 0, 30, 29, 1, 0.08%, 2, 0, 2, 2600.44, 9662482, 52
3680, 0, 0, 30, 29, 1, 0.08%, 2, 0, 2, 2633.76, 9676158, 52
3686, 0, 0, 30, 29, 1, 0.08%, 2, 0, 2, 2618.60, 9689189, 52
3691, 0, 0, 30, 29, 1, 0.08%, 2, 0, 2, 2620.91, 9702418, 52
3696, 0, 0, 30, 29, 1, 0.08%, 2, 0, 2, 2644.99, 9715795, 52
3701, 0, 0, 30, 29, 1, 0.08%, 2, 0, 2, 2631.41, 9729146, 52
3706, 0, 0, 30, 29, 1, 0.08%, 2, 0, 2, 2668.45, 9742560, 52
3711, 0, 0, 30, 29, 1, 0.08%, 2, 0, 2, 2666.32, 9755916, 52
3716, 0, 0, 30, 29, 1, 0.08%, 2, 0, 2, 2616.89, 9768978, 52
3721, 0, 0, 30, 29, 1, 0.08%, 2, 0, 2, 2658.39, 9782787, 52
3726, 0, 0, 30, 29, 1, 0.08%, 2, 0, 2, 2636.21, 9796070, 52
3731, 0, 0, 30, 29, 1, 0.08%, 2, 0, 2, 2686.13, 9809817, 52
3736, 0, 0, 30, 29, 1, 0.08%, 2, 0, 2, 2634.60, 9823006, 52
3741, 0, 0, 30, 29, 1, 0.08%, 2, 0, 2, 2643.55, 9836474, 52
3746, 0, 0, 30, 29, 1, 0.08%, 2, 0, 2, 2591.33, 9849581, 52
3751, 0, 0, 30, 29, 1, 0.08%, 2, 0, 2, 2651.16, 9863453, 52
3756, 0, 0, 30, 29, 1, 0.08%, 2, 0, 2, 2659.38, 9876809, 52
3761, 0, 0, 30, 29, 1, 0.08%, 2, 0, 2, 2696.47, 9890576, 52
3767, 0, 0, 30, 29, 1, 0.08%, 2, 0, 2, 2678.62, 9904051, 52
3772, 0, 0, 30, 29, 1, 0.08%, 2, 0, 2, 2638.29, 9917619, 52
3777, 0, 0, 30, 29, 1, 0.08%, 2, 0, 2, 2622.28, 9930906, 52
3782, 0, 0, 30, 29, 1, 0.08%, 2, 0, 2, 2670.36, 9944331, 52
3787, 0, 0, 30, 29, 1, 0.08%, 2, 0, 2, 2684.00, 9957899, 52
3792, 0, 0, 30, 29, 1, 0.08%, 2, 0, 2, 2669.81, 9971202, 52
3797, 0, 0, 30, 29, 1, 0.08%, 2, 0, 2, 2703.68, 9984914, 52
3802, 0, 0, 30, 29, 1, 0.08%, 2, 0, 2, 2584.30, 9998246, 52
3807, 0, 0, 30, 29, 1, 0.08%, 2, 0, 2, 2681.87, 10011747, 52
3812, 0, 0, 30, 29, 1, 0.08%, 2, 0, 2, 2600.18, 10024919, 52
3817, 0, 0, 30, 29, 1, 0.08%, 2, 0, 2, 2701.89, 10038644, 52
3822, 0, 0, 30, 29, 1, 0.08%, 2, 0, 2, 2610.71, 10051754, 52
3827, 0, 0, 30, 29, 1, 0.08%, 2, 0, 2, 2628.04, 10065014, 52
3832, 0, 0, 30, 29, 1, 0.08%, 2, 0, 2, 2578.43, 10077959, 52
3837, 0, 0, 30, 29, 1, 0.08%, 2, 0, 2, 2630.45, 10091883, 52
3842, 0, 0, 30, 29, 1, 0.08%, 2, 0, 2, 2600.23, 10104989, 52
3847, 0, 0, 30, 29, 1, 0.08%, 2, 0, 2, 2654.97, 10118542, 52
3853, 0, 0, 30, 29, 1, 0.08%, 2, 0, 2, 2652.70, 10131834, 52
3858, 0, 0, 30, 29, 1, 0.08%, 2, 0, 2, 2664.48, 10145413, 52
3863, 0, 0, 30, 29, 1, 0.08%, 2, 0, 2, 2666.42, 10158875, 52
3868, 0, 0, 30, 29, 1, 0.08%, 2, 0, 2, 2660.42, 10172125, 52
3873, 0, 0, 30, 29, 1, 0.08%, 2, 0, 2, 2702.26, 10185905, 52
3878, 0, 0, 30, 29, 1, 0.08%, 2, 0, 2, 2698.58, 10199473, 52
3883, 0, 0, 30, 29, 1, 0.08%, 2, 0, 2, 2711.00, 10213334, 52
3888, 0, 0, 30, 29, 1, 0.08%, 2, 0, 2, 2697.60, 10226980, 52
3893, 0, 0, 30, 29, 1, 0.08%, 2, 0, 2, 2678.59, 10240548, 52
3898, 0, 0, 30, 29, 1, 0.08%, 2, 0, 2, 2676.52, 10253798, 52
3903, 0, 0, 30, 29, 1, 0.08%, 2, 0, 2, 2670.01, 10267207, 52
3908, 0, 0, 30, 29, 1, 0.08%, 2, 0, 2, 2701.85, 10280828, 52
3913, 0, 0, 30, 29, 1, 0.08%, 2, 0, 2, 2637.32, 10294178, 52
3918, 0, 0, 30, 29, 1, 0.08%, 2, 0, 2, 2680.48, 10307752, 52
3923, 0, 0, 30, 29, 1, 0.08%, 2, 0, 2, 2658.79, 10321161, 52
3929, 0, 0, 30, 29, 1, 0.08%, 2, 0, 2, 2659.01, 10334623, 52
3934, 0, 0, 30, 29, 1, 0.08%, 2, 0, 2, 2595.70, 10347894, 52
3939, 0, 0, 30, 29, 1, 0.08%, 2, 0, 2, 2661.60, 10361812, 52
3944, 0, 0, 30, 29, 1, 0.08%, 2, 0, 2, 2627.52, 10374934, 52
3949, 0, 0, 30, 29, 1, 0.08%, 2, 0, 2, 2610.30, 10387986, 52
3954, 0, 0, 30, 29, 1, 0.08%, 2, 0, 2, 2529.19, 10400556, 52
3959, 0, 0, 30, 29, 1, 0.08%, 2, 0, 2, 2655.58, 10414402, 52
3964, 0, 0, 30, 29, 1, 0.08%, 2, 0, 2, 2632.50, 10427558, 52
3969, 0, 0, 30, 29, 1, 0.08%, 2, 0, 2, 2645.37, 10441338, 52
3974, 0, 0, 30, 29, 1, 0.08%, 2, 0, 2, 2635.98, 10454650, 52
3979, 0, 0, 30, 29, 1, 0.08%, 2, 0, 2, 2667.10, 10468024, 52
3984, 0, 0, 30, 29, 1, 0.08%, 2, 0, 2, 2606.56, 10481012, 52
3989, 0, 0, 30, 29, 1, 0.08%, 2, 0, 2, 2656.10, 10494312, 52
3995, 0, 0, 30, 29, 1, 0.08%, 2, 0, 2, 2613.98, 10507586, 52
4000, 0, 0, 30, 29, 1, 0.08%, 2, 0, 2, 2650.32, 10520812, 52
4005, 0, 0, 30, 29, 1, 0.08%, 2, 0, 2, 2633.14, 10534106, 52
4010, 0, 0, 30, 29, 1, 0.08%, 2, 0, 2, 2628.92, 10547418, 52
4015, 0, 0, 30, 29, 1, 0.08%, 2, 0, 2, 2606.46, 10560623, 52
4020, 0, 0, 30, 29, 1, 0.08%, 2, 0, 2, 2485.94, 10572706, 52
4025, 0, 0, 30, 29, 1, 0.08%, 2, 0, 2, 2584.46, 10585664, 52
4030, 0, 0, 30, 29, 1, 0.08%, 2, 0, 2, 2644.93, 10599106, 52
4035, 0, 0, 30, 29, 1, 0.08%, 2, 0, 2, 2637.04, 10612522, 52
4040, 0, 0, 30, 29, 1, 0.08%, 2, 0, 2, 2611.26, 10625834, 52
4045, 0, 0, 30, 29, 1, 0.08%, 2, 0, 2, 2597.80, 10638704, 52
4050, 0, 0, 30, 29, 1, 0.08%, 2, 0, 2, 2515.29, 10651406, 52
4055, 0, 0, 30, 29, 1, 0.08%, 2, 0, 2, 2679.65, 10665184, 52
4060, 0, 0, 30, 29, 1, 0.08%, 2, 0, 2, 2571.56, 10678025, 52
4065, 0, 0, 30, 29, 1, 0.08%, 2, 0, 2, 2663.33, 10692002, 52
4070, 0, 0, 30, 29, 1, 0.08%, 2, 0, 2, 2590.53, 10705361, 52
4076, 0, 0, 30, 29, 1, 0.08%, 2, 0, 2, 2623.54, 10719122, 52
4081, 0, 0, 30, 29, 1, 0.08%, 2, 0, 2, 2640.91, 10732486, 52
4086, 0, 0, 30, 29, 1, 0.08%, 2, 0, 2, 2616.42, 10745590, 52
4091, 0, 0, 30, 29, 1, 0.08%, 2, 0, 2, 2598.07, 10759013, 52
4096, 0, 0, 30, 29, 1, 0.08%, 2, 0, 2, 2630.43, 10772682, 52
4101, 0, 0, 30, 29, 1, 0.08%, 2, 0, 2, 2636.89, 10786202, 52
4106, 0, 0, 30, 29, 1, 0.08%, 2, 0, 2, 2580.42, 10799201, 52
4111, 0, 0, 30, 29, 1, 0.08%, 2, 0, 2, 2682.77, 10812789, 52
4116, 0, 0, 30, 29, 1, 0.08%, 2, 0, 2, 2678.32, 10826357, 52
4121, 0, 0, 30, 29, 1, 0.08%, 2, 0, 2, 2683.96, 10840031, 52
4127, 0, 0, 30, 29, 1, 0.08%, 2, 0, 2, 2664.91, 10853652, 52
4132, 0, 0, 30, 29, 1, 0.08%, 2, 0, 2, 2611.98, 10866490, 52
4137, 0, 0, 30, 29, 1, 0.08%, 2, 0, 2, 2589.49, 10879577, 52
4142, 0, 0, 30, 29, 1, 0.08%, 2, 0, 2, 2559.54, 10892837, 52
4147, 0, 0, 30, 29, 1, 0.08%, 2, 0, 2, 2643.54, 10906634, 52
4152, 0, 0, 30, 29, 1, 0.08%, 2, 0, 2, 2577.51, 10919663, 52
4157, 0, 0, 30, 29, 1, 0.08%, 2, 0, 2, 2670.47, 10933311, 52
4162, 0, 0, 30, 29, 1, 0.08%, 2, 0, 2, 2559.77, 10946156, 52
4167, 0, 0, 30, 29, 1, 0.08%, 2, 0, 2, 2640.91, 10959934, 52
4172, 0, 0, 30, 29, 1, 0.08%, 2, 0, 2, 2617.94, 10973298, 52
4177, 0, 0, 30, 29, 1, 0.08%, 2, 0, 2, 2683.88, 10986992, 52
4182, 0, 0, 30, 29, 1, 0.08%, 2, 0, 2, 2574.79, 10999733, 52
4188, 0, 0, 30, 29, 1, 0.08%, 2, 0, 2, 2684.77, 11013394, 52
4193, 0, 0, 30, 29, 1, 0.08%, 2, 0, 2, 2620.24, 11026598, 52
4198, 0, 0, 30, 29, 1, 0.08%, 2, 0, 2, 2574.55, 11039598, 52
4203, 0, 0, 30, 29, 1, 0.08%, 2, 0, 2, 2622.51, 11052754, 52
4208, 0, 0, 30, 29, 1, 0.08%, 2, 0, 2, 2659.26, 11066288, 52
4213, 0, 0, 30, 29, 1, 0.08%, 2, 0, 2, 2694.41, 11080015, 52
4218, 0, 0, 30, 29, 1, 0.08%, 2, 0, 2, 2670.38, 11093530, 52
4223, 0, 0, 30, 29, 1, 0.08%, 2, 0, 2, 2580.69, 11106629, 52
4228, 0, 0, 30, 29, 1, 0.08%, 2, 0, 2, 2661.59, 11120083, 52
4233, 0, 0, 30, 29, 1, 0.08%, 2, 0, 2, 2684.07, 11133704, 52
4238, 0, 0, 30, 29, 1, 0.08%, 2, 0, 2, 2527.34, 11146456, 52
4243, 0, 0, 30, 29, 1, 0.08%, 2, 0, 2, 2587.86, 11159924, 52
4248, 0, 0, 30, 29, 1, 0.08%, 2, 0, 2, 2601.22, 11173439, 52
4253, 0, 0, 30, 29, 1, 0.08%, 2, 0, 2, 2662.49, 11186916, 52
4258, 0, 0, 30, 29, 1, 0.08%, 2, 0, 2, 2607.81, 11200112, 52
4264, 0, 0, 30, 29, 1, 0.08%, 2, 0, 2, 2643.65, 11213840, 52
4269, 0, 0, 30, 29, 1, 0.08%, 2, 0, 2, 2668.33, 11227461, 52
4274, 0, 0, 30, 29, 1, 0.08%, 2, 0, 2, 2668.12, 11240923, 52
4279, 0, 0, 30, 29, 1, 0.08%, 2, 0, 2, 2692.52, 11254650, 52
4284, 0, 0, 30, 29, 1, 0.08%, 2, 0, 2, 2650.82, 11267982, 52
4289, 0, 0, 30, 29, 1, 0.08%, 2, 0, 2, 2664.50, 11281309, 52
4294, 0, 0, 30, 29, 1, 0.08%, 2, 0, 2, 2514.10, 11294106, 52
4299, 0, 0, 30, 29, 1, 0.08%, 2, 0, 2, 2617.40, 11307866, 52
4304, 0, 0, 30, 29, 1, 0.08%, 2, 0, 2, 2669.01, 11321218, 52
4309, 0, 0, 30, 29, 1, 0.08%, 2, 0, 2, 2666.24, 11334680, 52
4314, 0, 0, 30, 29, 1, 0.08%, 2, 0, 2, 2640.36, 11347802, 52
4319, 0, 0, 30, 29, 1, 0.08%, 2, 0, 2, 2648.01, 11360958, 52
4324, 0, 0, 30, 29, 1, 0.08%, 2, 0, 2, 2628.42, 11374218, 52
4329, 0, 0, 30, 29, 1, 0.08%, 2, 0, 2, 2683.29, 11387733, 52
4334, 0, 0, 30, 29, 1, 0.08%, 2, 0, 2, 2649.52, 11400738, 52
4339, 0, 0, 30, 29, 1, 0.08%, 2, 0, 2, 2657.47, 11414180, 52
4344, 0, 0, 30, 29, 1, 0.08%, 2, 0, 2, 2633.49, 11427310, 52
4349, 0, 0, 30, 29, 1, 0.08%, 2, 0, 2, 2685.17, 11440839, 52
4355, 0, 0, 30, 29, 1, 0.08%, 2, 0, 2, 2650.21, 11454246, 52
4360, 0, 0, 30, 29, 1, 0.08%, 2, 0, 2, 2634.57, 11467766, 52
4365, 0, 0, 30, 29, 1, 0.08%, 2, 0, 2, 2629.09, 11481234, 52
4370, 0, 0, 30, 29, 1, 0.08%, 2, 0, 2, 2641.47, 11494858, 52
4375, 0, 0, 30, 29, 1, 0.08%, 2, 0, 2, 2682.30, 11508414, 52
4380, 0, 0, 30, 29, 1, 0.08%, 2, 0, 2, 2697.44, 11522035, 52
4385, 0, 0, 30, 29, 1, 0.08%, 2, 0, 2, 2679.85, 11535497, 52
4390, 0, 0, 30, 29, 1, 0.08%, 2, 0, 2, 2691.13, 11549012, 52
4395, 0, 0, 30, 29, 1, 0.08%, 2, 0, 2, 2696.14, 11562792, 52
4400, 0, 0, 30, 29, 1, 0.08%, 2, 0, 2, 2653.88, 11576134, 52
4405, 0, 0, 30, 29, 1, 0.08%, 2, 0, 2, 2655.36, 11589345, 52
4411, 0, 0, 30, 29, 1, 0.08%, 2, 0, 2, 2605.01, 11602757, 52
4416, 0, 0, 30, 29, 1, 0.08%, 2, 0, 2, 2594.35, 11615862, 52
4421, 0, 0, 30, 29, 1, 0.08%, 2, 0, 2, 2638.13, 11629486, 52
4426, 0, 0, 30, 29, 1, 0.08%, 2, 0, 2, 2642.28, 11642746, 52
4431, 0, 0, 30, 29, 1, 0.08%, 2, 0, 2, 2653.80, 11656110, 52
4436, 0, 0, 30, 29, 1, 0.08%, 2, 0, 2, 2590.41, 11669058, 52
4441, 0, 0, 30, 29, 1, 0.08%, 2, 0, 2, 2633.19, 11682630, 52
4446, 0, 0, 30, 29, 1, 0.08%, 2, 0, 2, 2563.31, 11695526, 52
4451, 0, 0, 30, 29, 1, 0.08%, 2, 0, 2, 2629.55, 11708786, 52
4456, 0, 0, 30, 29, 1, 0.08%, 2, 0, 2, 2683.14, 11722534, 52
4461, 0, 0, 30, 29, 1, 0.08%, 2, 0, 2, 2640.67, 11735878, 52
4466, 0, 0, 30, 29, 1, 0.08%, 2, 0, 2, 2676.88, 11749246, 52
4471, 0, 0, 30, 29, 1, 0.08%, 2, 0, 2, 2708.27, 11762972, 52
4476, 0, 0, 30, 29, 1, 0.08%, 2, 0, 2, 2637.54, 11776230, 52
4481, 0, 0, 30, 29, 1, 0.08%, 2, 0, 2, 2699.52, 11790003, 52
4487, 0, 0, 30, 29, 1, 0.08%, 2, 0, 2, 2679.89, 11803465, 52
4492, 0, 0, 30, 29, 1, 0.08%, 2, 0, 2, 2710.12, 11817242, 52
4497, 0, 0, 30, 29, 1, 0.08%, 2, 0, 2, 2710.94, 11830958, 52
4502, 0, 0, 30, 29, 1, 0.08%, 2, 0, 2, 2572.16, 11844142, 52
4507, 0, 0, 30, 29, 1, 0.08%, 2, 0, 2, 2636.06, 11857714, 52
4512, 0, 0, 30, 29, 1, 0.08%, 2, 0, 2, 2617.60, 11871234, 52
4517, 0, 0, 30, 29, 1, 0.08%, 2, 0, 2, 2638.97, 11884442, 52
4522, 0, 0, 30, 29, 1, 0.08%, 2, 0, 2, 2572.20, 11897435, 52
4527, 0, 0, 30, 29, 1, 0.08%, 2, 0, 2, 2650.80, 11911170, 52
4532, 0, 0, 30, 29, 1, 0.08%, 2, 0, 2, 2692.33, 11924623, 52
4538, 0, 0, 30, 29, 1, 0.08%, 2, 0, 2, 2639.75, 11938210, 52
4543, 0, 0, 30, 29, 1, 0.08%, 2, 0, 2, 2683.39, 11951812, 52
4548, 0, 0, 30, 29, 1, 0.08%, 2, 0, 2, 2604.96, 11965221, 52
4553, 0, 0, 30, 29, 1, 0.08%, 2, 0, 2, 2594.73, 11978372, 52
4558, 0, 0, 30, 29, 1, 0.08%, 2, 0, 2, 2620.78, 11992082, 52
4563, 0, 0, 30, 29, 1, 0.08%, 2, 0, 2, 2696.46, 12005872, 52
4568, 0, 0, 30, 29, 1, 0.08%, 2, 0, 2, 2598.22, 12018968, 52
4573, 0, 0, 30, 29, 1, 0.08%, 2, 0, 2, 2621.23, 12032018, 52
4578, 0, 0, 30, 29, 1, 0.08%, 2, 0, 2, 2643.28, 12045122, 52
4583, 0, 0, 30, 29, 1, 0.08%, 2, 0, 2, 2646.35, 12058330, 52
4588, 0, 0, 30, 29, 1, 0.08%, 2, 0, 2, 2630.99, 12071538, 52
4593, 0, 0, 30, 29, 1, 0.08%, 2, 0, 2, 2643.28, 12085162, 52
4599, 0, 0, 30, 29, 1, 0.08%, 2, 0, 2, 2649.05, 12098786, 52
4604, 0, 0, 30, 29, 1, 0.08%, 2, 0, 2, 2688.54, 12112352, 52
4609, 0, 0, 30, 29, 1, 0.08%, 2, 0, 2, 2680.31, 12126076, 52
4614, 0, 0, 30, 29, 1, 0.08%, 2, 0, 2, 2644.37, 12139538, 52
4619, 0, 0, 30, 29, 1, 0.08%, 2, 0, 2, 2672.37, 12153106, 52
4624, 0, 0, 30, 29, 1, 0.08%, 2, 0, 2, 2651.21, 12166386, 52
4629, 0, 0, 30, 29, 1, 0.08%, 2, 0, 2, 2494.34, 12178764, 52
4634, 0, 0, 30, 29, 1, 0.08%, 2, 0, 2, 2617.46, 12192334, 52
4639, 0, 0, 30, 29, 1, 0.08%, 2, 0, 2, 2691.14, 12205841, 52
4644, 0, 0, 30, 29, 1, 0.08%, 2, 0, 2, 2563.21, 12218456, 52
4649, 0, 0, 30, 29, 1, 0.08%, 2, 0, 2, 2636.80, 12231802, 52
4654, 0, 0, 30, 29, 1, 0.08%, 2, 0, 2, 2613.39, 12244854, 52
4659, 0, 0, 30, 29, 1, 0.08%, 2, 0, 2, 2669.86, 12258205, 52
4664, 0, 0, 30, 29, 1, 0.08%, 2, 0, 2, 2644.55, 12271374, 52
4669, 0, 0, 30, 29, 1, 0.08%, 2, 0, 2, 2674.05, 12285023, 52
4675, 0, 0, 30, 29, 1, 0.08%, 2, 0, 2, 2662.15, 12298538, 52
4680, 0, 0, 30, 29, 1, 0.08%, 2, 0, 2, 2629.87, 12311894, 52
4685, 0, 0, 30, 29, 1, 0.08%, 2, 0, 2, 2671.07, 12325356, 52
4690, 0, 0, 30, 29, 1, 0.08%, 2, 0, 2, 2676.38, 12338871, 52
4695, 0, 0, 30, 29, 1, 0.08%, 2, 0, 2, 2684.00, 12352545, 52
4700, 0, 0, 30, 29, 1, 0.08%, 2, 0, 2, 2681.86, 12366166, 52
4705, 0, 0, 30, 29, 1, 0.08%, 2, 0, 2, 2650.48, 12379378, 52
4710, 0, 0, 30, 29, 1, 0.08%, 2, 0, 2, 2675.11, 12392931, 52
4715, 0, 0, 30, 29, 1, 0.08%, 2, 0, 2, 2689.16, 12406552, 52
4720, 0, 0, 30, 29, 1, 0.08%, 2, 0, 2, 2643.03, 12419834, 52
4725, 0, 0, 30, 29, 1, 0.08%, 2, 0, 2, 1990.11, 12429155, 52
4730, 0, 0, 30, 29, 1, 0.08%, 2, 0, 2, 2370.92, 12441228, 52
4736, 0, 0, 30, 29, 1, 0.08%, 2, 0, 2, 2580.75, 12454763, 52
4741, 0, 0, 30, 29, 1, 0.08%, 2, 0, 2, 2650.33, 12468142, 52
4746, 0, 0, 30, 29, 1, 0.08%, 2, 0, 2, 2625.60, 12481298, 52
4751, 0, 0, 30, 29, 1, 0.08%, 2, 0, 2, 2627.97, 12494714, 52
4756, 0, 0, 30, 29, 1, 0.08%, 2, 0, 2, 2668.33, 12508206, 52
4761, 0, 0, 30, 29, 1, 0.08%, 2, 0, 2, 2578.68, 12521494, 52
4766, 0, 0, 30, 29, 1, 0.08%, 2, 0, 2, 2632.74, 12534650, 52
4771, 0, 0, 30, 29, 1, 0.08%, 2, 0, 2, 2602.38, 12547634, 52
4776, 0, 0, 30, 29, 1, 0.08%, 2, 0, 2, 2564.30, 12560858, 52
4781, 0, 0, 30, 29, 1, 0.08%, 2, 0, 2, 2619.17, 12574430, 52
4786, 0, 0, 30, 29, 1, 0.08%, 2, 0, 2, 2649.65, 12587846, 52
4791, 0, 0, 30, 29, 1, 0.08%, 2, 0, 2, 2669.28, 12601380, 52
4796, 0, 0, 30, 29, 1, 0.08%, 2, 0, 2, 2559.60, 12614056, 52
4801, 0, 0, 30, 29, 1, 0.08%, 2, 0, 2, 2648.83, 12627418, 52
4806, 0, 0, 30, 29, 1, 0.08%, 2, 0, 2, 2666.09, 12640865, 52
4812, 0, 0, 30, 29, 1, 0.08%, 2, 0, 2, 2662.42, 12654433, 52
4817, 0, 0, 30, 29, 1, 0.08%, 2, 0, 2, 2642.69, 12667718, 52
4822, 0, 0, 30, 29, 1, 0.08%, 2, 0, 2, 2563.00, 12680978, 52
4827, 0, 0, 30, 29, 1, 0.08%, 2, 0, 2, 2602.45, 12693953, 52
4832, 0, 0, 30, 29, 1, 0.08%, 2, 0, 2, 2624.03, 12707327, 52
4837, 0, 0, 30, 29, 1, 0.08%, 2, 0, 2, 2647.54, 12720966, 52
4842, 0, 0, 30, 29, 1, 0.08%, 2, 0, 2, 2608.15, 12734192, 52
4847, 0, 0, 30, 29, 1, 0.08%, 2, 0, 2, 2641.44, 12747382, 52
4852, 0, 0, 30, 29, 1, 0.08%, 2, 0, 2, 2569.81, 12760406, 52
4857, 0, 0, 30, 29, 1, 0.08%, 2, 0, 2, 2674.47, 12774054, 52
4862, 0, 0, 30, 29, 1, 0.08%, 2, 0, 2, 2549.17, 12786806, 52
4867, 0, 0, 30, 29, 1, 0.08%, 2, 0, 2, 2593.11, 12800237, 52
4872, 0, 0, 30, 29, 1, 0.08%, 2, 0, 2, 2570.87, 12813191, 52
4877, 0, 0, 30, 29, 1, 0.08%, 2, 0, 2, 2661.10, 12826736, 52
4882, 0, 0, 30, 29, 1, 0.08%, 2, 0, 2, 2571.27, 12839558, 52
4888, 0, 0, 30, 29, 1, 0.08%, 2, 0, 2, 2619.73, 12853202, 52
4893, 0, 0, 30, 29, 1, 0.08%, 2, 0, 2, 2668.45, 12866804, 52
4898, 0, 0, 30, 29, 1, 0.08%, 2, 0, 2, 2577.16, 12879878, 52
4903, 0, 0, 30, 29, 1, 0.08%, 2, 0, 2, 2674.51, 12893357, 52
4908, 0, 0, 30, 29, 1, 0.08%, 2, 0, 2, 2624.39, 12906607, 52
4913, 0, 0, 30, 29, 1, 0.08%, 2, 0, 2, 2693.29, 12920334, 52
4918, 0, 0, 30, 29, 1, 0.08%, 2, 0, 2, 2592.56, 12933542, 52
4923, 0, 0, 30, 29, 1, 0.08%, 2, 0, 2, 2649.65, 12947322, 52
4928, 0, 0, 30, 29, 1, 0.08%, 2, 0, 2, 2585.57, 12960377, 52
4933, 0, 0, 30, 29, 1, 0.08%, 2, 0, 2, 2637.39, 12974050, 52
4938, 0, 0, 30, 29, 1, 0.08%, 2, 0, 2, 2658.16, 12987432, 52
4944, 0, 0, 30, 29, 1, 0.08%, 2, 0, 2, 2628.56, 13000622, 52
4949, 0, 0, 30, 29, 1, 0.08%, 2, 0, 2, 2594.64, 13013723, 52
4954, 0, 0, 30, 29, 1, 0.08%, 2, 0, 2, 2621.43, 13027038, 52
4959, 0, 0, 30, 29, 1, 0.08%, 2, 0, 2, 2681.14, 13040697, 52
4964, 0, 0, 30, 29, 1, 0.08%, 2, 0, 2, 2646.25, 13054106, 52
4969, 0, 0, 30, 29, 1, 0.08%, 2, 0, 2, 2673.22, 13067727, 52
4974, 0, 0, 30, 29, 1, 0.08%, 2, 0, 2, 2655.50, 13081136, 52
4979, 0, 0, 30, 29, 1, 0.08%, 2, 0, 2, 2688.43, 13094916, 52
4984, 0, 0, 30, 29, 1, 0.08%, 2, 0, 2, 2682.28, 13108484, 52
4989, 0, 0, 30, 29, 1, 0.08%, 2, 0, 2, 2655.02, 13121734, 52
4994, 0, 0, 30, 29, 1, 0.08%, 2, 0, 2, 2633.77, 13135094, 52
4999, 0, 0, 30, 29, 1, 0.08%, 2, 0, 2, 2680.71, 13148817, 52
5004, 0, 0, 30, 29, 1, 0.08%, 2, 0, 2, 2623.19, 13161874, 52
5009, 0, 0, 30, 29, 1, 0.08%, 2, 0, 2, 2651.76, 13175082, 52
5014, 0, 0, 30, 29, 1, 0.08%, 2, 0, 2, 2642.23, 13188394, 52
5020, 0, 0, 30, 29, 1, 0.08%, 2, 0, 2, 2686.24, 13202029, 52
5025, 0, 0, 30, 29, 1, 0.08%, 2, 0, 2, 2608.33, 13215174, 52
5030, 0, 0, 30, 29, 1, 0.08%, 2, 0, 2, 2649.40, 13228688, 52
5035, 0, 0, 30, 29, 1, 0.08%, 2, 0, 2, 2643.15, 13242214, 52
5040, 0, 0, 30, 29, 1, 0.08%, 2, 0, 2, 2567.93, 13255266, 52
5045, 0, 0, 30, 29, 1, 0.08%, 2, 0, 2, 2632.68, 13268578, 52
5050, 0, 0, 30, 29, 1, 0.08%, 2, 0, 2, 2515.88, 13281473, 52
5055, 0, 0, 30, 29, 1, 0.08%, 2, 0, 2, 2583.93, 13294988, 52
5060, 0, 0, 30, 29, 1, 0.08%, 2, 0, 2, 2571.35, 13308095, 52
5065, 0, 0, 30, 29, 1, 0.08%, 2, 0, 2, 2569.43, 13320845, 52
5070, 0, 0, 30, 29, 1, 0.08%, 2, 0, 2, 2566.55, 13333646, 52
5075, 0, 0, 30, 29, 1, 0.08%, 2, 0, 2, 2612.92, 13346786, 52
5080, 0, 0, 30, 29, 1, 0.08%, 2, 0, 2, 2613.48, 13359942, 52
5085, 0, 0, 30, 29, 1, 0.08%, 2, 0, 2, 2647.07, 13373618, 52
5090, 0, 0, 30, 29, 1, 0.08%, 2, 0, 2, 2632.85, 13386566, 52
5095, 0, 0, 30, 29, 1, 0.08%, 2, 0, 2, 2660.74, 13399878, 52
5100, 0, 0, 30, 29, 1, 0.08%, 2, 0, 2, 2623.31, 13413034, 52
5106, 0, 0, 30, 29, 1, 0.08%, 2, 0, 2, 2700.85, 13426749, 52
5111, 0, 0, 30, 29, 1, 0.08%, 2, 0, 2, 2668.00, 13440052, 52
5116, 0, 0, 30, 29, 1, 0.08%, 2, 0, 2, 2657.42, 13453355, 52
5121, 0, 0, 30, 29, 1, 0.08%, 2, 0, 2, 2677.43, 13466976, 52
5126, 0, 0, 30, 29, 1, 0.08%, 2, 0, 2, 2622.44, 13479750, 52
5131, 0, 0, 30, 29, 1, 0.08%, 2, 0, 2, 2623.19, 13493270, 52
5136, 0, 0, 30, 29, 1, 0.08%, 2, 0, 2, 2626.36, 13506478, 52
5141, 0, 0, 30, 29, 1, 0.08%, 2, 0, 2, 2656.01, 13519946, 52
5146, 0, 0, 30, 29, 1, 0.08%, 2, 0, 2, 2636.16, 13533362, 52
5151, 0, 0, 30, 29, 1, 0.08%, 2, 0, 2, 2624.67, 13546674, 52
5156, 0, 0, 30, 29, 1, 0.08%, 2, 0, 2, 2575.80, 13559674, 52
5161, 0, 0, 30, 29, 1, 0.08%, 2, 0, 2, 2553.60, 13572256, 52
5166, 0, 0, 30, 29, 1, 0.08%, 2, 0, 2, 2644.36, 13585622, 52
5171, 0, 0, 30, 29, 1, 0.08%, 2, 0, 2, 2651.07, 13598830, 52
5176, 0, 0, 30, 29, 1, 0.08%, 2, 0, 2, 2579.43, 13612259, 52
5181, 0, 0, 30, 29, 1, 0.08%, 2, 0, 2, 2532.77, 13624956, 52
5186, 0, 0, 30, 29, 1, 0.08%, 2, 0, 2, 2606.71, 13638065, 52
5192, 0, 0, 30, 29, 1, 0.08%, 2, 0, 2, 2681.59, 13651681, 52
5197, 0, 0, 30, 29, 1, 0.08%, 2, 0, 2, 2641.17, 13664818, 52
5202, 0, 0, 30, 29, 1, 0.08%, 2, 0, 2, 2681.59, 13678446, 52
5207, 0, 0, 30, 29, 1, 0.08%, 2, 0, 2, 2627.05, 13691858, 52
5212, 0, 0, 30, 29, 1, 0.08%, 2, 0, 2, 2568.15, 13705274, 52
5217, 0, 0, 30, 29, 1, 0.08%, 2, 0, 2, 2651.08, 13718742, 52
5222, 0, 0, 30, 29, 1, 0.08%, 2, 0, 2, 2616.12, 13732188, 52
5227, 0, 0, 30, 29, 1, 0.08%, 2, 0, 2, 2697.72, 13745968, 52
5232, 0, 0, 30, 29, 1, 0.08%, 2, 0, 2, 2678.29, 13759483, 52
5237, 0, 0, 30, 29, 1, 0.08%, 2, 0, 2, 2712.77, 13773446, 52
5242, 0, 0, 30, 29, 1, 0.08%, 2, 0, 2, 2596.35, 13786475, 52
5247, 0, 0, 30, 29, 1, 0.08%, 2, 0, 2, 2684.90, 13800134, 52
5252, 0, 0, 30, 29, 1, 0.08%, 2, 0, 2, 2596.71, 13813352, 52
5258, 0, 0, 30, 29, 1, 0.08%, 2, 0, 2, 2670.63, 13827217, 52
5263, 0, 0, 30, 29, 1, 0.08%, 2, 0, 2, 2677.99, 13840732, 52
5268, 0, 0, 30, 29, 1, 0.08%, 2, 0, 2, 2649.87, 13854141, 52
5273, 0, 0, 30, 29, 1, 0.08%, 2, 0, 2, 2663.09, 13867656, 52
5278, 0, 0, 30, 29, 1, 0.08%, 2, 0, 2, 2532.58, 13880315, 52
5283, 0, 0, 30, 29, 1, 0.08%, 2, 0, 2, 2623.19, 13893982, 52
5288, 0, 0, 30, 29, 1, 0.08%, 2, 0, 2, 2635.17, 13907554, 52
5293, 0, 0, 30, 29, 1, 0.08%, 2, 0, 2, 2660.90, 13920868, 52
5298, 0, 0, 30, 29, 1, 0.08%, 2, 0, 2, 2628.35, 13933918, 52
5303, 0, 0, 30, 29, 1, 0.08%, 2, 0, 2, 2602.64, 13946921, 52
5309, 0, 0, 30, 29, 1, 0.08%, 2, 0, 2, 2610.19, 13960385, 52
5314, 0, 0, 30, 29, 1, 0.08%, 2, 0, 2, 2642.71, 13973868, 52
5319, 0, 0, 30, 29, 1, 0.08%, 2, 0, 2, 2636.99, 13986958, 52
5324, 0, 0, 30, 29, 1, 0.08%, 2, 0, 2, 2552.48, 13999757, 52
5329, 0, 0, 30, 29, 1, 0.08%, 2, 0, 2, 2544.95, 14012656, 52
5334, 0, 0, 30, 29, 1, 0.08%, 2, 0, 2, 2481.64, 14025133, 52
5339, 0, 0, 30, 29, 1, 0.08%, 2, 0, 2, 2644.24, 14039062, 52
5344, 0, 0, 30, 29, 1, 0.08%, 2, 0, 2, 2668.61, 14052414, 52
5349, 0, 0, 30, 29, 1, 0.08%, 2, 0, 2, 2700.77, 14066194, 52
5354, 0, 0, 30, 29, 1, 0.08%, 2, 0, 2, 2594.53, 14079102, 52
5359, 0, 0, 30, 29, 1, 0.08%, 2, 0, 2, 2593.94, 14092067, 52
5364, 0, 0, 30, 29, 1, 0.08%, 2, 0, 2, 2611.79, 14105674, 52
5369, 0, 0, 30, 29, 1, 0.08%, 2, 0, 2, 2642.33, 14119142, 52
5374, 0, 0, 30, 29, 1, 0.08%, 2, 0, 2, 2662.14, 14132762, 52
5380, 0, 0, 30, 29, 1, 0.08%, 2, 0, 2, 2703.87, 14146586, 52
5385, 0, 0, 30, 29, 1, 0.08%, 2, 0, 2, 2688.59, 14160057, 52
5390, 0, 0, 30, 29, 1, 0.08%, 2, 0, 2, 2674.94, 14173678, 52
5395, 0, 0, 30, 29, 1, 0.08%, 2, 0, 2, 2650.11, 14187054, 52
5400, 0, 0, 30, 29, 1, 0.08%, 2, 0, 2, 2637.83, 14200443, 52
5405, 0, 0, 30, 29, 1, 0.08%, 2, 0, 2, 2596.54, 14213396, 52
5410, 0, 0, 30, 29, 1, 0.08%, 2, 0, 2, 2563.43, 14226314, 52
5415, 0, 0, 30, 29, 1, 0.08%, 2, 0, 2, 2627.15, 14239678, 52
5420, 0, 0, 30, 29, 1, 0.08%, 2, 0, 2, 2577.22, 14252574, 52
5425, 0, 0, 30, 29, 1, 0.08%, 2, 0, 2, 2542.43, 14265106, 52
5430, 0, 0, 30, 29, 1, 0.08%, 2, 0, 2, 2643.97, 14278512, 52
5435, 0, 0, 30, 29, 1, 0.08%, 2, 0, 2, 2672.08, 14292027, 52
5440, 0, 0, 30, 29, 1, 0.08%, 2, 0, 2, 2614.31, 14305406, 52
5445, 0, 0, 30, 29, 1, 0.08%, 2, 0, 2, 2681.40, 14318951, 52
5450, 0, 0, 30, 29, 1, 0.08%, 2, 0, 2, 2679.36, 14332466, 52
5455, 0, 0, 30, 29, 1, 0.08%, 2, 0, 2, 2676.76, 14345928, 52
5460, 0, 0, 30, 29, 1, 0.08%, 2, 0, 2, 2698.17, 14359655, 52
5465, 0, 0, 30, 29, 1, 0.08%, 2, 0, 2, 2706.45, 14373440, 52
5470, 0, 0, 30, 29, 1, 0.08%, 2, 0, 2, 2605.37, 14386745, 52
5476, 0, 0, 30, 29, 1, 0.08%, 2, 0, 2, 2606.08, 14399699, 52
5481, 0, 0, 30, 29, 1, 0.08%, 2, 0, 2, 2591.12, 14412704, 52
5486, 0, 0, 30, 29, 1, 0.08%, 2, 0, 2, 2569.28, 14425454, 52
5491, 0, 0, 30, 29, 1, 0.08%, 2, 0, 2, 2669.32, 14439420, 52
5496, 0, 0, 30, 29, 1, 0.08%, 2, 0, 2, 2638.73, 14452564, 52
5501, 0, 0, 30, 29, 1, 0.08%, 2, 0, 2, 2685.50, 14466238, 52
5506, 0, 0, 30, 29, 1, 0.08%, 2, 0, 2, 2651.79, 14479488, 52
5511, 0, 0, 30, 29, 1, 0.08%, 2, 0, 2, 2647.09, 14493022, 52
5516, 0, 0, 30, 29, 1, 0.08%, 2, 0, 2, 2657.60, 14506783, 52
5521, 0, 0, 30, 29, 1, 0.08%, 2, 0, 2, 2647.33, 14520166, 52
5526, 0, 0, 30, 29, 1, 0.08%, 2, 0, 2, 2692.77, 14533919, 52
5531, 0, 0, 30, 29, 1, 0.08%, 2, 0, 2, 2652.61, 14547154, 52
5536, 0, 0, 30, 29, 1, 0.08%, 2, 0, 2, 2660.02, 14560472, 52
5542, 0, 0, 30, 29, 1, 0.08%, 2, 0, 2, 2585.21, 14573609, 52
5547, 0, 0, 30, 29, 1, 0.08%, 2, 0, 2, 2631.10, 14586518, 52
5552, 0, 0, 30, 29, 1, 0.08%, 2, 0, 2, 2690.25, 14600063, 52
5557, 0, 0, 30, 29, 1, 0.08%, 2, 0, 2, 2644.48, 14613350, 52
5562, 0, 0, 30, 29, 1, 0.08%, 2, 0, 2, 2690.58, 14626987, 52
5567, 0, 0, 30, 29, 1, 0.08%, 2, 0, 2, 2675.41, 14640502, 52
5572, 0, 0, 30, 29, 1, 0.08%, 2, 0, 2, 2636.64, 14653699, 52
5577, 0, 0, 30, 29, 1, 0.08%, 2, 0, 2, 2661.93, 14667267, 52
5582, 0, 0, 30, 29, 1, 0.08%, 2, 0, 2, 2696.81, 14681078, 52
5587, 0, 0, 30, 29, 1, 0.08%, 2, 0, 2, 2604.62, 14694377, 52
5592, 0, 0, 30, 29, 1, 0.08%, 2, 0, 2, 2679.35, 14708077, 52
5597, 0, 0, 30, 29, 1, 0.08%, 2, 0, 2, 2691.15, 14721751, 52
5602, 0, 0, 30, 29, 1, 0.08%, 2, 0, 2, 2611.87, 14734874, 52
5607, 0, 0, 30, 29, 1, 0.08%, 2, 0, 2, 2653.64, 14748186, 52
5612, 0, 0, 30, 29, 1, 0.08%, 2, 0, 2, 2637.52, 14761394, 52
5617, 0, 0, 30, 29, 1, 0.08%, 2, 0, 2, 2684.55, 14775122, 52
5622, 0, 0, 30, 29, 1, 0.08%, 2, 0, 2, 2669.66, 14788319, 52
5628, 0, 0, 30, 29, 1, 0.08%, 2, 0, 2, 2608.57, 14801375, 52
5633, 0, 0, 30, 29, 1, 0.08%, 2, 0, 2, 2644.36, 14814642, 52
5638, 0, 0, 30, 29, 1, 0.08%, 2, 0, 2, 2675.13, 14828069, 52
5643, 0, 0, 30, 29, 1, 0.08%, 2, 0, 2, 2672.06, 14841796, 52
5648, 0, 0, 30, 29, 1, 0.08%, 2, 0, 2, 2671.15, 14855152, 52
5653, 0, 0, 30, 29, 1, 0.08%, 2, 0, 2, 2597.05, 14868083, 52
5658, 0, 0, 30, 29, 1, 0.08%, 2, 0, 2, 2591.63, 14881098, 52
5663, 0, 0, 30, 29, 1, 0.08%, 2, 0, 2, 2577.86, 14894450, 52
5668, 0, 0, 30, 29, 1, 0.08%, 2, 0, 2, 2537.97, 14907251, 52
5673, 0, 0, 30, 29, 1, 0.08%, 2, 0, 2, 2653.61, 14921086, 52
5678, 0, 0, 30, 29, 1, 0.08%, 2, 0, 2, 2638.74, 14934034, 52
5683, 0, 0, 30, 29, 1, 0.08%, 2, 0, 2, 2690.29, 14947690, 52
5688, 0, 0, 30, 29, 1, 0.08%, 2, 0, 2, 2670.02, 14960887, 52
5693, 0, 0, 30, 29, 1, 0.08%, 2, 0, 2, 2643.62, 14974334, 52
5698, 0, 0, 30, 29, 1, 0.08%, 2, 0, 2, 2703.07, 14988076, 52
5704, 0, 0, 30, 29, 1, 0.08%, 2, 0, 2, 2665.89, 15001379, 52
5709, 0, 0, 30, 29, 1, 0.08%, 2, 0, 2, 2685.96, 15014894, 52
5714, 0, 0, 30, 29, 1, 0.08%, 2, 0, 2, 2684.15, 15028568, 52
5719, 0, 0, 30, 29, 1, 0.08%, 2, 0, 2, 2666.46, 15041818, 52
5724, 0, 0, 30, 29, 1, 0.08%, 2, 0, 2, 2541.71, 15054488, 52
5729, 0, 0, 30, 29, 1, 0.08%, 2, 0, 2, 2597.81, 15067289, 52
5734, 0, 0, 30, 29, 1, 0.08%, 2, 0, 2, 2654.31, 15080720, 52
5739, 0, 0, 30, 29, 1, 0.08%, 2, 0, 2, 2658.90, 15094129, 52
5744, 0, 0, 30, 29, 1, 0.08%, 2, 0, 2, 2663.23, 15107432, 52
5749, 0, 0, 30, 29, 1, 0.08%, 2, 0, 2, 2630.53, 15120662, 52
5754, 0, 0, 30, 29, 1, 0.08%, 2, 0, 2, 2680.13, 15134356, 52
5759, 0, 0, 30, 29, 1, 0.08%, 2, 0, 2, 2686.61, 15147977, 52
5764, 0, 0, 30, 29, 1, 0.08%, 2, 0, 2, 2707.03, 15161732, 52
5769, 0, 0, 30, 29, 1, 0.08%, 2, 0, 2, 2637.10, 15175002, 52
5774, 0, 0, 30, 29, 1, 0.08%, 2, 0, 2, 2686.60, 15188734, 52
5779, 0, 0, 30, 29, 1, 0.08%, 2, 0, 2, 2665.11, 15202037, 52
5784, 0, 0, 30, 29, 1, 0.08%, 2, 0, 2, 2598.94, 15214985, 52
5789, 0, 0, 30, 29, 1, 0.08%, 2, 0, 2, 2663.35, 15228431, 52
5794, 0, 0, 30, 29, 1, 0.08%, 2, 0, 2, 2630.46, 15241718, 52
5800, 0, 0, 30, 29, 1, 0.08%, 2, 0, 2, 2691.90, 15255355, 52
5805, 0, 0, 30, 29, 1, 0.08%, 2, 0, 2, 2685.37, 15268976, 52
5810, 0, 0, 30, 29, 1, 0.08%, 2, 0, 2, 2718.90, 15282800, 52
5815, 0, 0, 30, 29, 1, 0.08%, 2, 0, 2, 2640.98, 15295954, 52
5820, 0, 0, 30, 29, 1, 0.08%, 2, 0, 2, 2698.46, 15309627, 52
5825, 0, 0, 30, 29, 1, 0.08%, 2, 0, 2, 2625.15, 15322890, 52
5830, 0, 0, 30, 29, 1, 0.08%, 2, 0, 2, 2583.87, 15336263, 52
5835, 0, 0, 30, 29, 1, 0.08%, 2, 0, 2, 2614.80, 15349410, 52
5840, 0, 0, 30, 29, 1, 0.08%, 2, 0, 2, 2655.88, 15363210, 52
5845, 0, 0, 30, 29, 1, 0.08%, 2, 0, 2, 2584.94, 15375941, 52
5850, 0, 0, 30, 29, 1, 0.08%, 2, 0, 2, 2542.61, 15388656, 52
5855, 0, 0, 30, 29, 1, 0.08%, 2, 0, 2, 2646.54, 15402346, 52
5860, 0, 0, 30, 29, 1, 0.08%, 2, 0, 2, 2656.99, 15415733, 52
5866, 0, 0, 30, 29, 1, 0.08%, 2, 0, 2, 2678.32, 15429142, 52
5871, 0, 0, 30, 29, 1, 0.08%, 2, 0, 2, 2598.19, 15442088, 52
5876, 0, 0, 30, 29, 1, 0.08%, 2, 0, 2, 2677.16, 15456013, 52
5881, 0, 0, 30, 29, 1, 0.08%, 2, 0, 2, 2648.97, 15469270, 52
5886, 0, 0, 30, 29, 1, 0.08%, 2, 0, 2, 2679.54, 15483032, 52
5891, 0, 0, 30, 29, 1, 0.08%, 2, 0, 2, 2692.07, 15496611, 52
5896, 0, 0, 30, 29, 1, 0.08%, 2, 0, 2, 2651.33, 15510194, 52
5901, 0, 0, 30, 29, 1, 0.08%, 2, 0, 2, 2619.66, 15523506, 52
5906, 0, 0, 30, 29, 1, 0.08%, 2, 0, 2, 2657.68, 15537315, 52
5911, 0, 0, 30, 29, 1, 0.08%, 2, 0, 2, 2648.90, 15550546, 52
5916, 0, 0, 30, 29, 1, 0.08%, 2, 0, 2, 2643.54, 15563754, 52
5921, 0, 0, 30, 29, 1, 0.08%, 2, 0, 2, 2654.12, 15577222, 52
5926, 0, 0, 30, 29, 1, 0.08%, 2, 0, 2, 2677.92, 15590845, 52
5932, 0, 0, 30, 29, 1, 0.08%, 2, 0, 2, 2706.35, 15604694, 52
5937, 0, 0, 30, 29, 1, 0.08%, 2, 0, 2, 2574.49, 15617732, 52
5942, 0, 0, 30, 29, 1, 0.08%, 2, 0, 2, 2674.91, 15631231, 52
5947, 0, 0, 30, 29, 1, 0.08%, 2, 0, 2, 2633.67, 15644146, 52
5952, 0, 0, 30, 29, 1, 0.08%, 2, 0, 2, 2673.06, 15657572, 52
5957, 0, 0, 30, 29, 1, 0.08%, 2, 0, 2, 2697.20, 15671246, 52
5962, 0, 0, 30, 29, 1, 0.08%, 2, 0, 2, 2561.46, 15684185, 52
5967, 0, 0, 30, 29, 1, 0.08%, 2, 0, 2, 2661.40, 15698064, 52
5972, 0, 0, 30, 29, 1, 0.08%, 2, 0, 2, 2649.97, 15711694, 52
5977, 0, 0, 30, 29, 1, 0.08%, 2, 0, 2, 2687.73, 15725412, 52
5982, 0, 0, 30, 29, 1, 0.08%, 2, 0, 2, 2653.59, 15738578, 52
5987, 0, 0, 30, 29, 1, 0.08%, 2, 0, 2, 2650.42, 15751890, 52
5992, 0, 0, 30, 29, 1, 0.08%, 2, 0, 2, 2582.18, 15764918, 52
5997, 0, 0, 30, 29, 1, 0.08%, 2, 0, 2, 2614.32, 15777942, 52
6003, 0, 0, 30, 29, 1, 0.08%, 2, 0, 2, 2581.52, 15791030, 52
6008, 0, 0, 30, 29, 1, 0.08%, 2, 0, 2, 2665.97, 15804541, 52
6013, 0, 0, 30, 29, 1, 0.08%, 2, 0, 2, 2588.28, 15817754, 52
6018, 0, 0, 30, 29, 1, 0.08%, 2, 0, 2, 2605.11, 15831242, 52
6023, 0, 0, 30, 29, 1, 0.08%, 2, 0, 2, 2613.08, 15844502, 52
6028, 0, 0, 30, 29, 1, 0.08%, 2, 0, 2, 2616.00, 15858178, 52
6033, 0, 0, 30, 29, 1, 0.08%, 2, 0, 2, 2611.58, 15871074, 52
6038, 0, 0, 30, 29, 1, 0.08%, 2, 0, 2, 2669.69, 15884677, 52
6043, 0, 0, 30, 29, 1, 0.08%, 2, 0, 2, 2650.80, 15897958, 52
6048, 0, 0, 30, 29, 1, 0.08%, 2, 0, 2, 2655.12, 15911530, 52
6053, 0, 0, 30, 29, 1, 0.08%, 2, 0, 2, 2667.97, 15924904, 52
6058, 0, 0, 30, 29, 1, 0.08%, 2, 0, 2, 2658.83, 15938154, 52
6064, 0, 0, 30, 29, 1, 0.08%, 2, 0, 2, 2674.04, 15951722, 52
6069, 0, 0, 30, 29, 1, 0.08%, 2, 0, 2, 2636.33, 15964778, 52
6074, 0, 0, 30, 29, 1, 0.08%, 2, 0, 2, 2651.71, 15978090, 52
6079, 0, 0, 30, 29, 1, 0.08%, 2, 0, 2, 2655.90, 15991246, 52
6084, 0, 0, 30, 29, 1, 0.08%, 2, 0, 2, 2597.16, 16004108, 52
6089, 0, 0, 30, 29, 1, 0.08%, 2, 0, 2, 2645.20, 16017350, 52
6094, 0, 0, 30, 29, 1, 0.08%, 2, 0, 2, 2639.79, 16030610, 52
6099, 0, 0, 30, 29, 1, 0.08%, 2, 0, 2, 2649.50, 16043922, 52
6104, 0, 0, 30, 29, 1, 0.08%, 2, 0, 2, 2657.48, 16057404, 52
6109, 0, 0, 30, 29, 1, 0.08%, 2, 0, 2, 2669.75, 16070813, 52
6114, 0, 0, 30, 29, 1, 0.08%, 2, 0, 2, 2606.81, 16083754, 52
6119, 0, 0, 30, 29, 1, 0.08%, 2, 0, 2, 2648.26, 16097222, 52
6124, 0, 0, 30, 29, 1, 0.08%, 2, 0, 2, 2660.52, 16110616, 52
6129, 0, 0, 30, 29, 1, 0.08%, 2, 0, 2, 2657.64, 16124184, 52
6134, 0, 0, 30, 29, 1, 0.08%, 2, 0, 2, 2676.13, 16137911, 52
6139, 0, 0, 30, 29, 1, 0.08%, 2, 0, 2, 2648.65, 16151146, 52
6144, 0, 0, 30, 29, 1, 0.08%, 2, 0, 2, 2553.13, 16163856, 52
6149, 0, 0, 30, 29, 1, 0.08%, 2, 0, 2, 2674.93, 16177502, 52
6154, 0, 0, 30, 29, 1, 0.08%, 2, 0, 2, 2552.35, 16190206, 52
6159, 0, 0, 30, 29, 1, 0.08%, 2, 0, 2, 2658.93, 16203631, 52
6165, 0, 0, 30, 29, 1, 0.08%, 2, 0, 2, 2629.39, 16217238, 52
6170, 0, 0, 30, 29, 1, 0.08%, 2, 0, 2, 2648.32, 16230914, 52
6175, 0, 0, 30, 29, 1, 0.08%, 2, 0, 2, 2638.55, 16244382, 52
6180, 0, 0, 30, 29, 1, 0.08%, 2, 0, 2, 2598.40, 16257629, 52
6185, 0, 0, 30, 29, 1, 0.08%, 2, 0, 2, 2596.12, 16270736, 52
6190, 0, 0, 30, 29, 1, 0.08%, 2, 0, 2, 2632.52, 16284006, 52
6195, 0, 0, 30, 29, 1, 0.08%, 2, 0, 2, 2635.23, 16297370, 52
6200, 0, 0, 30, 29, 1, 0.08%, 2, 0, 2, 2603.42, 16310414, 52
6205, 0, 0, 30, 29, 1, 0.08%, 2, 0, 2, 2642.36, 16323630, 52
6210, 0, 0, 30, 29, 1, 0.08%, 2, 0, 2, 2604.36, 16336883, 52
6216, 0, 0, 30, 29, 1, 0.08%, 2, 0, 2, 2587.72, 16350194, 52
6221, 0, 0, 30, 29, 1, 0.08%, 2, 0, 2, 2588.78, 16363301, 52
6226, 0, 0, 30, 29, 1, 0.08%, 2, 0, 2, 2631.32, 16376670, 52
6231, 0, 0, 30, 29, 1, 0.08%, 2, 0, 2, 2642.10, 16389930, 52
6236, 0, 0, 30, 29, 1, 0.08%, 2, 0, 2, 2658.88, 16403441, 52
6241, 0, 0, 30, 29, 1, 0.08%, 2, 0, 2, 2673.20, 16417062, 52
6246, 0, 0, 30, 29, 1, 0.08%, 2, 0, 2, 2592.17, 16430334, 52
6251, 0, 0, 30, 29, 1, 0.08%, 2, 0, 2, 2652.32, 16443774, 52
6256, 0, 0, 30, 29, 1, 0.08%, 2, 0, 2, 2597.50, 16457010, 52
6261, 0, 0, 30, 29, 1, 0.08%, 2, 0, 2, 2585.76, 16470656, 52
6267, 0, 0, 30, 29, 1, 0.08%, 2, 0, 2, 2567.35, 16483916, 52
6272, 0, 0, 30, 29, 1, 0.08%, 2, 0, 2, 2641.77, 16497362, 52
6277, 0, 0, 30, 29, 1, 0.08%, 2, 0, 2, 2611.70, 16510310, 52
6282, 0, 0, 30, 29, 1, 0.08%, 2, 0, 2, 2669.53, 16524228, 52
6287, 0, 0, 30, 29, 1, 0.08%, 2, 0, 2, 2660.08, 16537796, 52
6292, 0, 0, 30, 29, 1, 0.08%, 2, 0, 2, 2588.39, 16550675, 52
6297, 0, 0, 30, 29, 1, 0.08%, 2, 0, 2, 2674.06, 16564243, 52
6302, 0, 0, 30, 29, 1, 0.08%, 2, 0, 2, 2619.41, 16577387, 52
6307, 0, 0, 30, 29, 1, 0.08%, 2, 0, 2, 2611.34, 16590806, 52
6312, 0, 0, 30, 29, 1, 0.08%, 2, 0, 2, 2642.75, 16604170, 52
6317, 0, 0, 30, 29, 1, 0.08%, 2, 0, 2, 2608.31, 16617482, 52
6322, 0, 0, 30, 29, 1, 0.08%, 2, 0, 2, 2590.15, 16630643, 52
6327, 0, 0, 30, 29, 1, 0.08%, 2, 0, 2, 2638.10, 16643846, 52
6333, 0, 0, 30, 29, 1, 0.08%, 2, 0, 2, 2599.24, 16657262, 52
6338, 0, 0, 30, 29, 1, 0.08%, 2, 0, 2, 2625.27, 16670314, 52
6343, 0, 0, 30, 29, 1, 0.08%, 2, 0, 2, 2568.78, 16683377, 52
6348, 0, 0, 30, 29, 1, 0.08%, 2, 0, 2, 2663.88, 16696902, 52
6353, 0, 0, 30, 29, 1, 0.08%, 2, 0, 2, 2654.98, 16710042, 52
6358, 0, 0, 30, 29, 1, 0.08%, 2, 0, 2, 2683.14, 16723720, 52
6363, 0, 0, 30, 29, 1, 0.08%, 2, 0, 2, 2651.50, 16736822, 52
6368, 0, 0, 30, 29, 1, 0.08%, 2, 0, 2, 2664.72, 16750167, 52
6373, 0, 0, 30, 29, 1, 0.08%, 2, 0, 2, 2600.85, 16763243, 52
6378, 0, 0, 30, 29, 1, 0.08%, 2, 0, 2, 2588.55, 16776758, 52
6383, 0, 0, 30, 29, 1, 0.08%, 2, 0, 2, 2582.56, 16789865, 52
6388, 0, 0, 30, 29, 1, 0.08%, 2, 0, 2, 2588.88, 16803122, 52
6393, 0, 0, 30, 29, 1, 0.08%, 2, 0, 2, 2678.23, 16816788, 52
6398, 0, 0, 30, 29, 1, 0.08%, 2, 0, 2, 2607.24, 16829850, 52
6403, 0, 0, 30, 29, 1, 0.08%, 2, 0, 2, 2635.65, 16843110, 52
6408, 0, 0, 30, 29, 1, 0.08%, 2, 0, 2, 2561.76, 16856012, 52
6414, 0, 0, 30, 29, 1, 0.08%, 2, 0, 2, 2595.41, 16869374, 52
6419, 0, 0, 30, 29, 1, 0.08%, 2, 0, 2, 2611.52, 16882838, 52
6424, 0, 0, 30, 29, 1, 0.08%, 2, 0, 2, 2675.61, 16896500, 52
6429, 0, 0, 30, 29, 1, 0.08%, 2, 0, 2, 2625.17, 16909774, 52
6434, 0, 0, 30, 29, 1, 0.08%, 2, 0, 2, 2592.89, 16922826, 52
6439, 0, 0, 30, 29, 1, 0.08%, 2, 0, 2, 2649.99, 16936554, 52
6444, 0, 0, 30, 29, 1, 0.08%, 2, 0, 2, 2486.61, 16949056, 52
6449, 0, 0, 30, 29, 1, 0.08%, 2, 0, 2, 2629.84, 16962814, 52
6455, 0, 0, 30, 29, 1, 0.08%, 2, 0, 2, 2652.60, 16976178, 52
6460, 0, 0, 30, 29, 1, 0.08%, 2, 0, 2, 2635.10, 16989386, 52
6465, 0, 0, 30, 29, 1, 0.08%, 2, 0, 2, 2633.05, 17002490, 52
6470, 0, 0, 30, 29, 1, 0.08%, 2, 0, 2, 2689.88, 17016227, 52
6475, 0, 0, 30, 29, 1, 0.08%, 2, 0, 2, 2656.44, 17029424, 52
6480, 0, 0, 30, 29, 1, 0.08%, 2, 0, 2, 2663.28, 17042939, 52
6485, 0, 0, 30, 29, 1, 0.08%, 2, 0, 2, 2629.40, 17056050, 52
6490, 0, 0, 30, 29, 1, 0.08%, 2, 0, 2, 2591.77, 17069102, 52
6495, 0, 0, 30, 29, 1, 0.08%, 2, 0, 2, 2645.21, 17082310, 52
6500, 0, 0, 30, 29, 1, 0.08%, 2, 0, 2, 2645.80, 17095727, 52
6505, 0, 0, 30, 29, 1, 0.08%, 2, 0, 2, 2656.89, 17108924, 52
6510, 0, 0, 30, 29, 1, 0.08%, 2, 0, 2, 2548.56, 17121671, 52
6515, 0, 0, 30, 29, 1, 0.08%, 2, 0, 2, 2600.72, 17135237, 52
6521, 0, 0, 30, 29, 1, 0.08%, 2, 0, 2, 2626.64, 17148818, 52
6526, 0, 0, 30, 29, 1, 0.08%, 2, 0, 2, 2677.82, 17162295, 52
6531, 0, 0, 30, 29, 1, 0.08%, 2, 0, 2, 2584.25, 17175374, 52
6536, 0, 0, 30, 29, 1, 0.08%, 2, 0, 2, 2648.24, 17188702, 52
6541, 0, 0, 30, 29, 1, 0.08%, 2, 0, 2, 2641.39, 17201806, 52
6546, 0, 0, 30, 29, 1, 0.08%, 2, 0, 2, 2664.76, 17215348, 52
6551, 0, 0, 30, 29, 1, 0.08%, 2, 0, 2, 2624.60, 17228534, 52
6556, 0, 0, 30, 29, 1, 0.08%, 2, 0, 2, 2645.61, 17242060, 52
6561, 0, 0, 30, 29, 1, 0.08%, 2, 0, 2, 2566.97, 17254781, 52
6566, 0, 0, 30, 29, 1, 0.08%, 2, 0, 2, 2591.73, 17267786, 52
6571, 0, 0, 30, 29, 1, 0.08%, 2, 0, 2, 2589.93, 17280842, 52
6576, 0, 0, 30, 29, 1, 0.08%, 2, 0, 2, 2619.70, 17294106, 52
6581, 0, 0, 30, 29, 1, 0.08%, 2, 0, 2, 2592.57, 17307158, 52
6586, 0, 0, 30, 29, 1, 0.08%, 2, 0, 2, 2604.75, 17320210, 52
6591, 0, 0, 30, 29, 1, 0.08%, 2, 0, 2, 2609.99, 17333470, 52
6596, 0, 0, 30, 29, 1, 0.08%, 2, 0, 2, 2553.38, 17346530, 52
6601, 0, 0, 30, 29, 1, 0.08%, 2, 0, 2, 2639.99, 17359886, 52
6606, 0, 0, 30, 29, 1, 0.08%, 2, 0, 2, 2656.16, 17373235, 52
6611, 0, 0, 30, 29, 1, 0.08%, 2, 0, 2, 2546.84, 17386106, 52
6616, 0, 0, 30, 29, 1, 0.08%, 2, 0, 2, 2348.99, 17398008, 52
6621, 0, 0, 30, 29, 1, 0.08%, 2, 0, 2, 2157.63, 17407820, 52
6627, 0, 0, 30, 29, 1, 0.08%, 2, 0, 2, 2452.29, 17420414, 52
6630, 0, 0, 30, 29, 1, 0.08%, 2, 0, 2, 2599.11, 17430868, 52
