# relative_time, cycles_done, cur_item, corpus_count, pending_total, pending_favs, map_size, saved_crashes, saved_hangs, max_depth, execs_per_sec, total_execs, edges_found
61, 30, 1, 10, 0, 0, 0.02%, 0, 0, 3, 2677.28, 163754, 11
66, 33, 1, 10, 0, 0, 0.02%, 0, 0, 3, 2628.35, 176925, 11
71, 36, 1, 10, 0, 0, 0.02%, 0, 0, 3, 2715.23, 190543, 11
76, 38, 1, 10, 0, 0, 0.02%, 0, 0, 3, 2700.22, 203909, 11
81, 41, 1, 10, 0, 0, 0.02%, 0, 0, 3, 2699.88, 217369, 11
86, 44, 1, 10, 0, 0, 0.02%, 0, 0, 3, 2630.78, 230627, 11
91, 47, 1, 10, 0, 0, 0.02%, 0, 0, 3, 2721.98, 244402, 11
96, 49, 1, 10, 0, 0, 0.02%, 0, 0, 3, 2735.71, 258175, 11
101, 52, 6, 10, 0, 0, 0.02%, 0, 0, 3, 2649.64, 271862, 11
106, 55, 1, 10, 0, 0, 0.02%, 0, 0, 3, 2750.66, 285778, 11
111, 58, 1, 10, 0, 0, 0.02%, 0, 0, 3, 2581.54, 298671, 11
116, 61, 1, 10, 0, 0, 0.02%, 0, 0, 3, 2688.77, 312374, 11
121, 63, 1, 10, 0, 0, 0.02%, 0, 0, 3, 2667.43, 325781, 11
126, 66, 1, 10, 0, 0, 0.02%, 0, 0, 3, 2737.68, 339891, 11
131, 69, 1, 10, 0, 0, 0.02%, 0, 0, 3, 2689.83, 353345, 11
136, 72, 1, 10, 0, 0, 0.02%, 0, 0, 3, 2776.04, 367725, 11
142, 75, 1, 10, 0, 0, 0.02%, 0, 0, 3, 2758.46, 381596, 11
147, 78, 1, 10, 0, 0, 0.02%, 0, 0, 3, 2786.08, 395486, 11
152, 81, 9, 10, 0, 0, 0.02%, 0, 0, 3, 2715.38, 409267, 11
157, 84, 1, 10, 0, 0, 0.02%, 0, 0, 3, 2698.05, 423407, 11
162, 87, 1, 10, 0, 0, 0.02%, 0, 0, 3, 2638.77, 437119, 11
167, 90, 7, 10, 0, 0, 0.02%, 0, 0, 3, 2631.70, 450832, 11
172, 93, 1, 10, 0, 0, 0.02%, 0, 0, 3, 2737.15, 464715, 11
178, 95, 1, 10, 0, 0, 0.02%, 0, 0, 3, 2657.76, 478598, 11
183, 98, 1, 10, 0, 0, 0.02%, 0, 0, 3, 2743.70, 492466, 11
188, 101, 1, 10, 0, 0, 0.02%, 0, 0, 3, 2633.25, 505824, 11
193, 104, 1, 10, 0, 0, 0.02%, 0, 0, 3, 2651.82, 519683, 11
198, 107, 1, 10, 0, 0, 0.02%, 0, 0, 3, 2701.35, 533714, 11
203, 109, 1, 10, 0, 0, 0.02%, 0, 0, 3, 2596.12, 546686, 11
208, 112, 1, 10, 0, 0, 0.02%, 0, 0, 3, 2589.65, 559662, 11
213, 115, 1, 10, 0, 0, 0.02%, 0, 0, 3, 2695.85, 573766, 11
218, 118, 1, 10, 0, 0, 0.02%, 0, 0, 3, 2782.87, 587887, 11
223, 121, 1, 10, 0, 0, 0.02%, 0, 0, 3, 2701.73, 601377, 11
228, 124, 1, 10, 0, 0, 0.02%, 0, 0, 3, 2766.44, 615233, 11
234, 126, 1, 10, 0, 0, 0.02%, 0, 0, 3, 2642.68, 628825, 11
239, 129, 1, 10, 0, 0, 0.02%, 0, 0, 3, 2700.68, 642891, 11
244, 132, 1, 10, 0, 0, 0.02%, 0, 0, 3, 2672.37, 656649, 11
249, 135, 1, 10, 0, 0, 0.02%, 0, 0, 3, 2680.54, 670245, 11
254, 138, 1, 10, 0, 0, 0.02%, 0, 0, 3, 2680.21, 683558, 11
259, 141, 1, 10, 0, 0, 0.02%, 0, 0, 3, 2641.21, 697331, 11
264, 143, 1, 10, 0, 0, 0.02%, 0, 0, 3, 2726.99, 711178, 11
269, 146, 6, 10, 0, 0, 0.02%, 0, 0, 3, 2619.13, 724921, 11
275, 149, 1, 10, 0, 0, 0.02%, 0, 0, 3, 2763.96, 739228, 11
280, 152, 1, 10, 0, 0, 0.02%, 0, 0, 3, 2708.51, 753218, 11
285, 155, 1, 10, 0, 0, 0.02%, 0, 0, 3, 2687.61, 766728, 11
290, 158, 1, 10, 0, 0, 0.02%, 0, 0, 3, 2615.59, 780003, 11
295, 161, 1, 10, 0, 0, 0.02%, 0, 0, 3, 2654.88, 793196, 11
300, 164, 6, 10, 0, 0, 0.02%, 0, 0, 3, 2761.69, 807574, 11
305, 167, 1, 10, 0, 0, 0.02%, 0, 0, 3, 2742.03, 821567, 11
310, 170, 1, 10, 0, 0, 0.02%, 0, 0, 3, 2732.07, 835712, 11
315, 172, 1, 10, 0, 0, 0.02%, 0, 0, 3, 2647.99, 849068, 11
320, 175, 1, 10, 0, 0, 0.02%, 0, 0, 3, 2726.66, 862687, 11
325, 179, 1, 10, 0, 0, 0.02%, 0, 0, 3, 2717.05, 876648, 11
331, 182, 6, 10, 0, 0, 0.02%, 0, 0, 3, 2753.72, 890918, 11
336, 184, 1, 10, 0, 0, 0.02%, 0, 0, 3, 2756.10, 905153, 11
341, 187, 6, 10, 0, 0, 0.02%, 0, 0, 3, 2705.24, 918726, 11
346, 190, 1, 10, 0, 0, 0.02%, 0, 0, 3, 2697.00, 932633, 11
351, 193, 1, 10, 0, 0, 0.02%, 0, 0, 3, 2608.19, 945846, 11
356, 196, 1, 10, 0, 0, 0.02%, 0, 0, 3, 2721.58, 960069, 11
361, 198, 1, 10, 0, 0, 0.02%, 0, 0, 3, 2544.82, 973370, 11
367, 201, 1, 10, 0, 0, 0.02%, 0, 0, 3, 2665.82, 987170, 11
372, 204, 1, 10, 0, 0, 0.02%, 0, 0, 3, 2651.47, 1000485, 11
377, 207, 1, 10, 0, 0, 0.02%, 0, 0, 3, 2680.91, 1014584, 11
382, 210, 1, 10, 0, 0, 0.02%, 0, 0, 3, 2679.66, 1028008, 11
387, 212, 1, 10, 0, 0, 0.02%, 0, 0, 3, 2717.91, 1041640, 11
392, 215, 1, 10, 0, 0, 0.02%, 0, 0, 3, 2731.31, 1055316, 11
397, 218, 1, 10, 0, 0, 0.02%, 0, 0, 3, 2637.62, 1068399, 11
402, 221, 1, 10, 0, 0, 0.02%, 0, 0, 3, 2692.23, 1082475, 11
407, 224, 1, 10, 0, 0, 0.02%, 0, 0, 3, 2687.78, 1095954, 11
412, 226, 1, 10, 0, 0, 0.02%, 0, 0, 3, 2740.49, 1110264, 11
417, 229, 1, 10, 0, 0, 0.02%, 0, 0, 3, 2686.98, 1123552, 11
422, 232, 1, 10, 0, 0, 0.02%, 0, 0, 3, 2754.67, 1137389, 11
428, 235, 8, 10, 0, 0, 0.02%, 0, 0, 3, 2686.66, 1151230, 11
433, 238, 1, 10, 0, 0, 0.02%, 0, 0, 3, 2704.83, 1165279, 11
438, 240, 6, 10, 0, 0, 0.02%, 0, 0, 3, 2554.28, 1176815, 11
443, 243, 1, 10, 0, 0, 0.02%, 0, 0, 3, 2774.88, 1191464, 11
448, 246, 1, 10, 0, 0, 0.02%, 0, 0, 3, 2637.77, 1204924, 11
453, 249, 1, 10, 0, 0, 0.02%, 0, 0, 3, 2717.03, 1219094, 11
458, 252, 1, 10, 0, 0, 0.02%, 0, 0, 3, 2743.75, 1232840, 11
464, 255, 1, 10, 0, 0, 0.02%, 0, 0, 3, 2740.43, 1247157, 11
469, 258, 1, 10, 0, 0, 0.02%, 0, 0, 3, 2696.62, 1261193, 11
474, 260, 1, 10, 0, 0, 0.02%, 0, 0, 3, 2487.07, 1273602, 11
479, 263, 1, 10, 0, 0, 0.02%, 0, 0, 3, 2736.77, 1288053, 11
484, 266, 1, 10, 0, 0, 0.02%, 0, 0, 3, 2641.60, 1301217, 11
489, 269, 1, 10, 0, 0, 0.02%, 0, 0, 3, 2694.74, 1315347, 11
494, 272, 1, 10, 0, 0, 0.02%, 0, 0, 3, 2759.14, 1329211, 11
499, 275, 1, 10, 0, 0, 0.02%, 0, 0, 3, 2693.70, 1342750, 11
504, 278, 1, 10, 0, 0, 0.02%, 0, 0, 3, 2712.80, 1356590, 11
510, 281, 6, 10, 0, 0, 0.02%, 0, 0, 3, 2759.44, 1370976, 11
515, 284, 1, 10, 0, 0, 0.02%, 0, 0, 3, 2723.64, 1384585, 11
520, 287, 6, 10, 0, 0, 0.02%, 0, 0, 3, 2715.88, 1398401, 11
525, 290, 1, 10, 0, 0, 0.02%, 0, 0, 3, 2786.83, 1412992, 11
530, 292, 1, 10, 0, 0, 0.02%, 0, 0, 3, 2556.34, 1426240, 11
535, 295, 1, 10, 0, 0, 0.02%, 0, 0, 3, 2749.52, 1440089, 11
540, 298, 1, 10, 0, 0, 0.02%, 0, 0, 3, 2627.21, 1453374, 11
545, 301, 6, 10, 0, 0, 0.02%, 0, 0, 3, 2744.41, 1467280, 11
550, 304, 1, 10, 0, 0, 0.02%, 0, 0, 3, 2609.04, 1480715, 11
555, 307, 1, 10, 0, 0, 0.02%, 0, 0, 3, 2725.50, 1494358, 11
560, 309, 1, 10, 0, 0, 0.02%, 0, 0, 3, 2753.46, 1508056, 11
565, 312, 1, 10, 0, 0, 0.02%, 0, 0, 3, 2716.10, 1521616, 11
570, 315, 1, 10, 0, 0, 0.02%, 0, 0, 3, 2704.18, 1534989, 11
576, 318, 1, 10, 0, 0, 0.02%, 0, 0, 3, 2652.35, 1548762, 11
581, 321, 1, 10, 0, 0, 0.02%, 0, 0, 3, 2701.61, 1562731, 11
586, 324, 1, 10, 0, 0, 0.02%, 0, 0, 3, 2715.32, 1576843, 11
591, 327, 1, 10, 0, 0, 0.02%, 0, 0, 3, 2687.65, 1590962, 11
596, 330, 6, 10, 0, 0, 0.02%, 0, 0, 3, 2661.17, 1604742, 11
601, 333, 1, 10, 0, 0, 0.02%, 0, 0, 3, 2726.82, 1618381, 11
606, 336, 1, 10, 0, 0, 0.02%, 0, 0, 3, 2611.42, 1631524, 11
611, 339, 7, 10, 0, 0, 0.02%, 0, 0, 3, 2580.03, 1644932, 11
617, 342, 1, 10, 0, 0, 0.02%, 0, 0, 3, 2729.19, 1658743, 11
622, 344, 1, 10, 0, 0, 0.02%, 0, 0, 3, 2678.58, 1672079, 11
627, 348, 1, 10, 0, 0, 0.02%, 0, 0, 3, 2729.98, 1686322, 11
632, 350, 1, 10, 0, 0, 0.02%, 0, 0, 3, 2625.65, 1699490, 11
637, 353, 1, 10, 0, 0, 0.02%, 0, 0, 3, 2595.29, 1712532, 11
642, 356, 1, 10, 0, 0, 0.02%, 0, 0, 3, 2615.65, 1725815, 11
647, 359, 7, 10, 0, 0, 0.02%, 0, 0, 3, 2637.67, 1739571, 11
652, 361, 1, 10, 0, 0, 0.02%, 0, 0, 3, 2435.65, 1752070, 11
657, 364, 1, 10, 0, 0, 0.02%, 0, 0, 3, 2497.12, 1765056, 11
662, 366, 6, 10, 0, 0, 0.02%, 0, 0, 3, 2526.97, 1777162, 11
667, 369, 1, 10, 0, 0, 0.02%, 0, 0, 3, 2729.03, 1791015, 11
672, 372, 1, 10, 0, 0, 0.02%, 0, 0, 3, 2775.31, 1804982, 11
677, 375, 1, 10, 0, 0, 0.02%, 0, 0, 3, 2721.36, 1819059, 11
683, 378, 6, 10, 0, 0, 0.02%, 0, 0, 3, 2684.21, 1832798, 11
688, 381, 6, 10, 0, 0, 0.02%, 0, 0, 3, 2637.46, 1846659, 11
693, 384, 1, 10, 0, 0, 0.02%, 0, 0, 3, 2698.17, 1860195, 11
698, 386, 1, 10, 0, 0, 0.02%, 0, 0, 3, 2578.56, 1873507, 11
703, 389, 1, 10, 0, 0, 0.02%, 0, 0, 3, 2715.22, 1887755, 11
708, 392, 1, 10, 0, 0, 0.02%, 0, 0, 3, 2685.97, 1901744, 11
714, 395, 1, 10, 0, 0, 0.02%, 0, 0, 3, 2651.94, 1915497, 11
719, 398, 1, 10, 0, 0, 0.02%, 0, 0, 3, 2707.63, 1929650, 11
724, 401, 1, 10, 0, 0, 0.02%, 0, 0, 3, 2659.85, 1943393, 11
729, 404, 1, 10, 0, 0, 0.02%, 0, 0, 3, 2766.54, 1957254, 11
734, 407, 1, 10, 0, 0, 0.02%, 0, 0, 3, 2762.70, 1971478, 11
739, 410, 1, 10, 0, 0, 0.02%, 0, 0, 3, 2724.55, 1984941, 11
744, 413, 1, 10, 0, 0, 0.02%, 0, 0, 3, 2642.98, 1998505, 11
750, 416, 1, 10, 0, 0, 0.02%, 0, 0, 3, 2710.50, 2012386, 11
755, 419, 1, 10, 0, 0, 0.02%, 0, 0, 3, 2759.73, 2026513, 11
760, 422, 1, 10, 0, 0, 0.02%, 0, 0, 3, 2698.95, 2040383, 11
765, 424, 6, 10, 0, 0, 0.02%, 0, 0, 3, 2706.53, 2053982, 11
770, 427, 1, 10, 0, 0, 0.02%, 0, 0, 3, 2639.75, 2067720, 11
775, 430, 1, 10, 0, 0, 0.02%, 0, 0, 3, 2711.75, 2081289, 11
780, 433, 1, 10, 0, 0, 0.02%, 0, 0, 3, 2711.12, 2094788, 11
785, 435, 1, 10, 0, 0, 0.02%, 0, 0, 3, 2759.30, 2108736, 11
790, 438, 1, 10, 0, 0, 0.02%, 0, 0, 3, 2702.85, 2122164, 11
795, 441, 1, 10, 0, 0, 0.02%, 0, 0, 3, 2778.79, 2136471, 11
800, 444, 1, 10, 0, 0, 0.02%, 0, 0, 3, 2717.92, 2149919, 11
805, 447, 1, 10, 0, 0, 0.02%, 0, 0, 3, 2703.27, 2164046, 11
810, 449, 6, 10, 0, 0, 0.02%, 0, 0, 3, 2667.57, 2177286, 11
816, 452, 6, 10, 0, 0, 0.02%, 0, 0, 3, 2643.04, 2191104, 11
821, 456, 6, 10, 0, 0, 0.02%, 0, 0, 3, 2723.68, 2205106, 11
826, 458, 1, 10, 0, 0, 0.02%, 0, 0, 3, 2712.72, 2218860, 11
831, 461, 1, 10, 0, 0, 0.02%, 0, 0, 3, 2534.00, 2231708, 11
836, 464, 7, 10, 0, 0, 0.02%, 0, 0, 3, 2602.61, 2244929, 11
841, 466, 6, 10, 0, 0, 0.02%, 0, 0, 3, 2663.60, 2258618, 11
846, 469, 6, 10, 0, 0, 0.02%, 0, 0, 3, 2634.96, 2271594, 11
851, 472, 1, 10, 0, 0, 0.02%, 0, 0, 3, 2751.59, 2285971, 11
856, 475, 1, 10, 0, 0, 0.02%, 0, 0, 3, 2595.83, 2298897, 11
862, 478, 1, 10, 0, 0, 0.02%, 0, 0, 3, 2652.25, 2312912, 11
867, 481, 1, 10, 0, 0, 0.02%, 0, 0, 3, 2732.26, 2326972, 11
872, 483, 1, 10, 0, 0, 0.02%, 0, 0, 3, 2737.70, 2340728, 11
877, 486, 1, 10, 0, 0, 0.02%, 0, 0, 3, 2731.11, 2354282, 11
882, 489, 1, 10, 0, 0, 0.02%, 0, 0, 3, 2658.38, 2368226, 11
887, 492, 1, 10, 0, 0, 0.02%, 0, 0, 3, 2687.88, 2381654, 11
892, 495, 1, 10, 0, 0, 0.02%, 0, 0, 3, 2619.36, 2394955, 11
897, 498, 1, 10, 0, 0, 0.02%, 0, 0, 3, 2747.42, 2408862, 11
902, 501, 1, 10, 0, 0, 0.02%, 0, 0, 3, 2648.92, 2422559, 11
907, 503, 6, 10, 0, 0, 0.02%, 0, 0, 3, 2709.26, 2436267, 11
912, 506, 1, 10, 0, 0, 0.02%, 0, 0, 3, 2638.77, 2449153, 11
917, 509, 1, 10, 0, 0, 0.02%, 0, 0, 3, 2726.24, 2463302, 11
922, 511, 1, 10, 0, 0, 0.02%, 0, 0, 3, 2623.53, 2476400, 11
927, 514, 1, 10, 0, 0, 0.02%, 0, 0, 3, 2705.60, 2490108, 11
932, 517, 1, 10, 0, 0, 0.02%, 0, 0, 3, 2705.09, 2503629, 11
938, 520, 1, 10, 0, 0, 0.02%, 0, 0, 3, 2626.30, 2517231, 11
943, 522, 6, 10, 0, 0, 0.02%, 0, 0, 3, 2700.09, 2530819, 11
948, 525, 1, 10, 0, 0, 0.02%, 0, 0, 3, 2719.61, 2544553, 11
953, 528, 1, 10, 0, 0, 0.02%, 0, 0, 3, 2627.82, 2557748, 11
958, 531, 1, 10, 0, 0, 0.02%, 0, 0, 3, 2545.12, 2571004, 11
963, 534, 6, 10, 0, 0, 0.02%, 0, 0, 3, 2653.02, 2584692, 11
968, 537, 1, 10, 0, 0, 0.02%, 0, 0, 3, 2609.76, 2598139, 11
973, 540, 1, 10, 0, 0, 0.02%, 0, 0, 3, 2758.51, 2612129, 11
978, 543, 1, 10, 0, 0, 0.02%, 0, 0, 3, 2694.81, 2625815, 11
984, 546, 6, 10, 0, 0, 0.02%, 0, 0, 3, 2661.54, 2639536, 11
989, 548, 1, 10, 0, 0, 0.02%, 0, 0, 3, 2729.60, 2653168, 11
994, 551, 6, 10, 0, 0, 0.02%, 0, 0, 3, 2667.27, 2666844, 11
999, 554, 1, 10, 0, 0, 0.02%, 0, 0, 3, 2738.27, 2680765, 11
1004, 557, 1, 10, 0, 0, 0.02%, 0, 0, 3, 2648.62, 2694188, 11
1009, 560, 1, 10, 0, 0, 0.02%, 0, 0, 3, 2761.89, 2708614, 11
1014, 562, 1, 10, 0, 0, 0.02%, 0, 0, 3, 2636.77, 2721474, 11
1019, 565, 1, 10, 0, 0, 0.02%, 0, 0, 3, 2709.95, 2735147, 11
1024, 568, 6, 10, 0, 0, 0.02%, 0, 0, 3, 2662.63, 2748865, 11
1029, 571, 1, 10, 0, 0, 0.02%, 0, 0, 3, 2750.17, 2763261, 11
1035, 574, 1, 10, 0, 0, 0.02%, 0, 0, 3, 2749.41, 2777497, 11
1040, 576, 6, 10, 0, 0, 0.02%, 0, 0, 3, 2637.57, 2791066, 11
1045, 580, 1, 10, 0, 0, 0.02%, 0, 0, 3, 2663.47, 2804960, 11
1050, 582, 1, 10, 0, 0, 0.02%, 0, 0, 3, 2644.46, 2818056, 11
1055, 585, 1, 10, 0, 0, 0.02%, 0, 0, 3, 2756.51, 2832035, 11
1060, 588, 1, 10, 0, 0, 0.02%, 0, 0, 3, 2699.73, 2845850, 11
1065, 591, 6, 10, 0, 0, 0.02%, 0, 0, 3, 2792.61, 2859864, 11
1070, 594, 6, 10, 0, 0, 0.02%, 0, 0, 3, 2675.37, 2873035, 11
1075, 597, 1, 10, 0, 0, 0.02%, 0, 0, 3, 2749.24, 2886900, 11
1080, 600, 1, 10, 0, 0, 0.02%, 0, 0, 3, 2691.89, 2900855, 11
1085, 603, 1, 10, 0, 0, 0.02%, 0, 0, 3, 2710.12, 2914487, 11
1091, 606, 1, 10, 0, 0, 0.02%, 0, 0, 3, 2679.44, 2927897, 11
1096, 608, 1, 10, 0, 0, 0.02%, 0, 0, 3, 2666.16, 2941753, 11
1101, 611, 8, 10, 0, 0, 0.02%, 0, 0, 3, 2773.40, 2956193, 11
1106, 614, 1, 10, 0, 0, 0.02%, 0, 0, 3, 2720.33, 2969825, 11
1111, 617, 1, 10, 0, 0, 0.02%, 0, 0, 3, 2764.12, 2984228, 11
1116, 620, 1, 10, 0, 0, 0.02%, 0, 0, 3, 2681.38, 2997549, 11
1121, 623, 1, 10, 0, 0, 0.02%, 0, 0, 3, 2685.60, 3011609, 11
1127, 626, 7, 10, 0, 0, 0.02%, 0, 0, 3, 2716.61, 3025625, 11
1132, 629, 7, 10, 0, 0, 0.02%, 0, 0, 3, 2601.50, 3038555, 11
1137, 632, 1, 10, 0, 0, 0.02%, 0, 0, 3, 2689.63, 3052671, 11
1142, 635, 1, 10, 0, 0, 0.02%, 0, 0, 3, 2647.03, 3066585, 11
1147, 638, 1, 10, 0, 0, 0.02%, 0, 0, 3, 2763.63, 3080928, 11
1152, 641, 1, 10, 0, 0, 0.02%, 0, 0, 3, 2737.06, 3094826, 11
1157, 644, 1, 10, 0, 0, 0.02%, 0, 0, 3, 2719.83, 3108564, 11
1162, 646, 1, 10, 0, 0, 0.02%, 0, 0, 3, 2676.43, 3121892, 11
1168, 649, 1, 10, 0, 0, 0.02%, 0, 0, 3, 2702.09, 3136015, 11
1173, 652, 1, 10, 0, 0, 0.02%, 0, 0, 3, 2753.26, 3149859, 11
1178, 655, 1, 10, 0, 0, 0.02%, 0, 0, 3, 2660.95, 3163800, 11
1183, 658, 1, 10, 0, 0, 0.02%, 0, 0, 3, 2718.06, 3177860, 11
1188, 660, 1, 10, 0, 0, 0.02%, 0, 0, 3, 2648.52, 3191110, 11
1193, 663, 1, 10, 0, 0, 0.02%, 0, 0, 3, 2634.50, 3204337, 11
1198, 665, 1, 10, 0, 0, 0.02%, 0, 0, 3, 2628.03, 3217337, 11
1203, 668, 1, 10, 0, 0, 0.02%, 0, 0, 3, 2780.76, 3231949, 11
1208, 671, 1, 10, 0, 0, 0.02%, 0, 0, 3, 2709.86, 3245319, 11
1214, 674, 1, 10, 0, 0, 0.02%, 0, 0, 3, 2677.96, 3259308, 11
1219, 677, 6, 10, 0, 0, 0.02%, 0, 0, 3, 2707.38, 3273273, 11
1224, 680, 1, 10, 0, 0, 0.02%, 0, 0, 3, 2621.51, 3286589, 11
1229, 683, 1, 10, 0, 0, 0.02%, 0, 0, 3, 2683.18, 3300182, 11
1234, 685, 1, 10, 0, 0, 0.02%, 0, 0, 3, 2687.71, 3314238, 11
1239, 688, 1, 10, 0, 0, 0.02%, 0, 0, 3, 2719.91, 3327919, 11
1244, 691, 1, 10, 0, 0, 0.02%, 0, 0, 3, 2628.06, 3341018, 11
1580, 693, 1, 10, 0, 0, 0.02%, 0, 0, 3, 0.74, 3348652, 11
1585, 695, 1, 10, 0, 0, 0.02%, 0, 0, 3, 1757.43, 3358693, 11
1590, 696, 7, 10, 0, 0, 0.02%, 0, 0, 3, 1625.79, 3364423, 11
1595, 698, 1, 10, 0, 0, 0.02%, 0, 0, 3, 2258.50, 3375979, 11
1601, 701, 6, 10, 0, 0, 0.02%, 0, 0, 3, 2514.54, 3389382, 11
1606, 704, 1, 10, 0, 0, 0.02%, 0, 0, 3, 2654.97, 3403311, 11
1611, 707, 1, 10, 0, 0, 0.02%, 0, 0, 3, 2625.84, 3416417, 11
1616, 710, 1, 10, 0, 0, 0.02%, 0, 0, 3, 2708.73, 3429970, 11
1621, 713, 1, 10, 0, 0, 0.02%, 0, 0, 3, 2604.16, 3443184, 11
1626, 716, 1, 10, 0, 0, 0.02%, 0, 0, 3, 2737.31, 3457586, 11
1631, 718, 1, 10, 0, 0, 0.02%, 0, 0, 3, 2653.19, 3470607, 11
1636, 721, 1, 10, 0, 0, 0.02%, 0, 0, 3, 2694.34, 3484058, 11
1641, 724, 1, 10, 0, 0, 0.02%, 0, 0, 3, 2617.63, 3496959, 11
1646, 727, 1, 10, 0, 0, 0.02%, 0, 0, 3, 2690.23, 3510256, 11
1651, 729, 7, 10, 0, 0, 0.02%, 0, 0, 3, 2560.94, 3523297, 11
1656, 732, 6, 10, 0, 0, 0.02%, 0, 0, 3, 2717.80, 3537193, 11
1661, 735, 1, 10, 0, 0, 0.02%, 0, 0, 3, 2628.82, 3550393, 11
1666, 738, 1, 10, 0, 0, 0.02%, 0, 0, 3, 2649.05, 3563851, 11
1671, 740, 1, 10, 0, 0, 0.02%, 0, 0, 3, 2660.80, 3577243, 11
1676, 743, 1, 10, 0, 0, 0.02%, 0, 0, 3, 2637.56, 3590989, 11
1682, 746, 7, 10, 0, 0, 0.02%, 0, 0, 3, 2630.01, 3604695, 11
1687, 749, 1, 10, 0, 0, 0.02%, 0, 0, 3, 2592.97, 3618344, 11
1692, 752, 1, 10, 0, 0, 0.02%, 0, 0, 3, 2685.26, 3632398, 11
1697, 755, 1, 10, 0, 0, 0.02%, 0, 0, 3, 2651.78, 3645452, 11
1702, 758, 1, 10, 0, 0, 0.02%, 0, 0, 3, 2651.74, 3659445, 11
1707, 761, 1, 10, 0, 0, 0.02%, 0, 0, 3, 2677.24, 3672736, 11
1712, 763, 1, 10, 0, 0, 0.02%, 0, 0, 3, 2690.14, 3686376, 11
1718, 766, 7, 10, 0, 0, 0.02%, 0, 0, 3, 2693.90, 3700074, 11
1723, 769, 1, 10, 0, 0, 0.02%, 0, 0, 3, 2615.08, 3713284, 11
1728, 772, 1, 10, 0, 0, 0.02%, 0, 0, 3, 2674.37, 3726762, 11
1733, 774, 1, 10, 0, 0, 0.02%, 0, 0, 3, 2644.91, 3740109, 11
1738, 777, 1, 10, 0, 0, 0.02%, 0, 0, 3, 2667.03, 3753650, 11
1743, 780, 1, 10, 0, 0, 0.02%, 0, 0, 3, 2668.18, 3767145, 11
1748, 783, 1, 10, 0, 0, 0.02%, 0, 0, 3, 2646.78, 3780588, 11
1753, 785, 2, 10, 0, 0, 0.02%, 0, 0, 3, 2598.82, 3793680, 11
1758, 788, 1, 10, 0, 0, 0.02%, 0, 0, 3, 2722.93, 3807521, 11
1763, 791, 1, 10, 0, 0, 0.02%, 0, 0, 3, 2477.97, 3820406, 11
1768, 794, 1, 10, 0, 0, 0.02%, 0, 0, 3, 2636.18, 3834280, 11
1770, 795, 1, 10, 0, 0, 0.02%, 0, 0, 3, 2664.59, 3840004, 11
