# relative_time, cycles_done, cur_item, corpus_count, pending_total, pending_favs, map_size, saved_crashes, saved_hangs, max_depth, execs_per_sec, total_execs, edges_found
61, 2, 1, 2, 0, 0, 0.05%, 1, 1, 1, 99.40, 6276, 33
66, 3, 1, 2, 0, 0, 0.05%, 1, 1, 1, 67.24, 6583, 33
71, 3, 1, 2, 0, 0, 0.05%, 1, 1, 1, 50.01, 6820, 33
76, 3, 1, 2, 0, 0, 0.05%, 1, 1, 1, 62.83, 7111, 33
81, 3, 1, 2, 0, 0, 0.05%, 1, 1, 1, 108.74, 7707, 33
86, 3, 1, 2, 0, 0, 0.05%, 1, 1, 1, 117.78, 8360, 33
92, 4, 1, 2, 0, 0, 0.05%, 1, 1, 1, 123.91, 8968, 33
97, 4, 1, 2, 0, 0, 0.05%, 1, 1, 1, 80.97, 9420, 33
102, 4, 1, 2, 0, 0, 0.05%, 1, 1, 1, 42.56, 9589, 33
107, 4, 1, 2, 0, 0, 0.05%, 1, 1, 1, 34.18, 9750, 33
112, 5, 1, 2, 0, 0, 0.05%, 1, 1, 1, 165.28, 10673, 33
117, 5, 1, 2, 0, 0, 0.05%, 1, 1, 1, 91.42, 11053, 33
122, 5, 1, 2, 0, 0, 0.05%, 1, 1, 1, 110.92, 11636, 33
128, 5, 1, 2, 0, 0, 0.05%, 1, 1, 1, 59.88, 11887, 33
133, 6, 1, 2, 0, 0, 0.05%, 1, 1, 1, 40.99, 12082, 33
